 Entering Gaussian System, Link 0=g16
 Input=FREE.INP
 Output=FREE.OUT
 Initial command:
 /usr/local/g16-A.03/sse4/g16/l1.exe "/scratch/zronyj/cluster_225.206045/Gau-2998.inp" -scrdir="/scratch/zronyj/cluster_225.206045/"
 Entering Link 1 = /usr/local/g16-A.03/sse4/g16/l1.exe PID=      2999.
  
 Copyright (c) 1988,1990,1992,1993,1995,1998,2003,2009,2016,
            Gaussian, Inc.  All Rights Reserved.
  
 This is part of the Gaussian(R) 16 program.  It is based on
 the Gaussian(R) 09 system (copyright 2009, Gaussian, Inc.),
 the Gaussian(R) 03 system (copyright 2003, Gaussian, Inc.),
 the Gaussian(R) 98 system (copyright 1998, Gaussian, Inc.),
 the Gaussian(R) 94 system (copyright 1995, Gaussian, Inc.),
 the Gaussian 92(TM) system (copyright 1992, Gaussian, Inc.),
 the Gaussian 90(TM) system (copyright 1990, Gaussian, Inc.),
 the Gaussian 88(TM) system (copyright 1988, Gaussian, Inc.),
 the Gaussian 86(TM) system (copyright 1986, Carnegie Mellon
 University), and the Gaussian 82(TM) system (copyright 1983,
 Carnegie Mellon University). Gaussian is a federally registered
 trademark of Gaussian, Inc.
  
 This software contains proprietary and confidential information,
 including trade secrets, belonging to Gaussian, Inc.
  
 This software is provided under written license and may be
 used, copied, transmitted, or stored only in accord with that
 written license.
  
 The following legend is applicable only to US Government
 contracts under FAR:
  
                    RESTRICTED RIGHTS LEGEND
  
 Use, reproduction and disclosure by the US Government is
 subject to restrictions as set forth in subparagraphs (a)
 and (c) of the Commercial Computer Software - Restricted
 Rights clause in FAR 52.227-19.
  
 Gaussian, Inc.
 340 Quinnipiac St., Bldg. 40, Wallingford CT 06492
  
  
 ---------------------------------------------------------------
 Warning -- This program may not be used in any manner that
 competes with the business of Gaussian, Inc. or will provide
 assistance to any competitor of Gaussian, Inc.  The licensee
 of this program is prohibited from giving any competitor of
 Gaussian, Inc. access to this program.  By using this program,
 the user acknowledges that Gaussian, Inc. is engaged in the
 business of creating and licensing software in the field of
 computational chemistry and represents and warrants to the
 licensee that it is not a competitor of Gaussian, Inc. and that
 it will not use this program in any manner prohibited above.
 ---------------------------------------------------------------
  

 Cite this work as:
 Gaussian 16, Revision A.03,
 M. J. Frisch, G. W. Trucks, H. B. Schlegel, G. E. Scuseria, 
 M. A. Robb, J. R. Cheeseman, G. Scalmani, V. Barone, 
 G. A. Petersson, H. Nakatsuji, X. Li, M. Caricato, A. V. Marenich, 
 J. Bloino, B. G. Janesko, R. Gomperts, B. Mennucci, H. P. Hratchian, 
 J. V. Ortiz, A. F. Izmaylov, J. L. Sonnenberg, D. Williams-Young, 
 F. Ding, F. Lipparini, F. Egidi, J. Goings, B. Peng, A. Petrone, 
 T. Henderson, D. Ranasinghe, V. G. Zakrzewski, J. Gao, N. Rega, 
 G. Zheng, W. Liang, M. Hada, M. Ehara, K. Toyota, R. Fukuda, 
 J. Hasegawa, M. Ishida, T. Nakajima, Y. Honda, O. Kitao, H. Nakai, 
 T. Vreven, K. Throssell, J. A. Montgomery, Jr., J. E. Peralta, 
 F. Ogliaro, M. J. Bearpark, J. J. Heyd, E. N. Brothers, K. N. Kudin, 
 V. N. Staroverov, T. A. Keith, R. Kobayashi, J. Normand, 
 K. Raghavachari, A. P. Rendell, J. C. Burant, S. S. Iyengar, 
 J. Tomasi, M. Cossi, J. M. Millam, M. Klene, C. Adamo, R. Cammi, 
 J. W. Ochterski, R. L. Martin, K. Morokuma, O. Farkas, 
 J. B. Foresman, and D. J. Fox, Gaussian, Inc., Wallingford CT, 2016.
 
 ******************************************
 Gaussian 16:  ES64L-G16RevA.03 25-Dec-2016
                25-Aug-2023 
 ******************************************
 %chk=cluster_225.chk
 %mem=6GB
 %nproc=4
 Will use up to    4 processors via shared memory.
 ----------------------------------------------------------------------
 #b3lyp/6-311++G** scrf=(cpcm,Solvent=Water) nosymm freq=roa scf=(xqc,c
 onver=8) iop(2/11=1) geom=checkpoint guess=checkpoint
 ----------------------------------------------------------------------
 1/10=4,29=2,30=1,38=1,83=21/1,3;
 2/11=1,12=2,15=1,40=1/2;
 3/5=4,6=6,7=1111,11=2,14=-4,25=1,30=1,36=2,70=2101,71=2,72=1,74=-5,116=-2,140=1/1,2,3;
 4/5=1/1;
 5/5=2,6=8,8=3,13=1,38=6,53=1,98=1/2,8;
 8/6=4,10=90,11=11/1;
 10/13=10,15=4,31=1,49=111,72=3/2;
 11/6=3,8=1,9=11,15=111,16=1,31=1/1,2,10;
 10/6=1,31=1,49=111/2;
 6/7=2,8=2,9=2,10=2,28=1/1;
 7/8=1,10=1,25=1,30=1/1,2,3,16;
 1/10=4,30=1/3;
 99//99;
 ---------------
 ROA cluster_225
 ---------------
 Structure from the checkpoint file:  "cluster_225.chk"
 Charge =  0 Multiplicity = 1
 No Z-Matrix found in chk file; cartesian coordinates used.
  O                                                 7.235906640000      7.722320460000     20.500409630000
  H                                                 7.337087820000      7.180885230000     19.708281020000
  H                                                 7.063919770000      7.076305710000     21.202761690000
  O                                                12.601314210000     14.448207630000     19.799494280000
  H                                                13.092704570000     13.763380550000     19.324854870000
  H                                                12.951699310000     14.387110350000     20.697255350000
  O                                                 9.403569540000      9.820487380000     19.874846060000
  H                                                 8.647299850000     10.352499180000     19.598944080000
  H                                                 8.968998560000      9.023540770000     20.228099630000
  O                                                12.845198060000     10.764201800000     17.578669460000
  H                                                12.259065210000     10.854031140000     16.815753710000
  H                                                12.226804020000     10.633652230000     18.310139550000
  O                                                12.171729110000      7.170841780000     22.740549150000
  H                                                11.771576100000      6.922539740000     23.588230720000
  H                                                12.438914920000      8.093519690000     22.875710840000
  O                                                10.891588590000     10.071432150000     23.882366100000
  H                                                10.628960160000     10.427902440000     23.021990060000
  H                                                11.844448480000     10.265889680000     23.884925340000
  O                                                 6.990961730000     12.116304980000     23.717391450000
  H                                                 6.537631010000     11.261266980000     23.742068770000
  H                                                 7.922310530000     11.868996380000     23.781203540000
  O                                                13.769260670000     10.128118050000     23.170553670000
  H                                                14.171626990000      9.743080580000     23.960294900000
  H                                                14.511231890000     10.283784920000     22.564782940000
  O                                                 9.200407560000      7.212797290000     24.192055360000
  H                                                 8.890650050000      6.520393510000     23.601923420000
  H                                                 9.718388870000      7.794918180000     23.619053260000
 Recover connectivity data from disk.
 Using perturbation frequencies:    0.085645

 GradGradGradGradGradGradGradGradGradGradGradGradGradGradGradGradGradGrad
 Berny optimization.
 Initialization pass.
 Trust Radius=3.00D-01 FncErr=1.00D-07 GrdErr=1.00D-07 EigMax=2.50D+02 EigMin=1.00D-04
 Number of steps in this run=      2 maximum allowed number of steps=      2.
 GradGradGradGradGradGradGradGradGradGradGradGradGradGradGradGradGradGrad

                          Input orientation:                          
 ---------------------------------------------------------------------
 Center     Atomic      Atomic             Coordinates (Angstroms)
 Number     Number       Type             X           Y           Z
 ---------------------------------------------------------------------
      1          8           0        7.235907    7.722320   20.500410
      2          1           0        7.337088    7.180885   19.708281
      3          1           0        7.063920    7.076306   21.202762
      4          8           0       12.601314   14.448208   19.799494
      5          1           0       13.092705   13.763381   19.324855
      6          1           0       12.951699   14.387110   20.697255
      7          8           0        9.403570    9.820487   19.874846
      8          1           0        8.647300   10.352499   19.598944
      9          1           0        8.968999    9.023541   20.228100
     10          8           0       12.845198   10.764202   17.578669
     11          1           0       12.259065   10.854031   16.815754
     12          1           0       12.226804   10.633652   18.310140
     13          8           0       12.171729    7.170842   22.740549
     14          1           0       11.771576    6.922540   23.588231
     15          1           0       12.438915    8.093520   22.875711
     16          8           0       10.891589   10.071432   23.882366
     17          1           0       10.628960   10.427902   23.021990
     18          1           0       11.844448   10.265890   23.884925
     19          8           0        6.990962   12.116305   23.717391
     20          1           0        6.537631   11.261267   23.742069
     21          1           0        7.922311   11.868996   23.781204
     22          8           0       13.769261   10.128118   23.170554
     23          1           0       14.171627    9.743081   23.960295
     24          1           0       14.511232   10.283785   22.564783
     25          8           0        9.200408    7.212797   24.192055
     26          1           0        8.890650    6.520394   23.601923
     27          1           0        9.718389    7.794918   23.619053
 ---------------------------------------------------------------------
                    Distance matrix (angstroms):
                    1          2          3          4          5
     1  O    0.000000
     2  H    0.964810   0.000000
     3  H    0.969646   1.522836   0.000000
     4  O    8.632290   8.974095   9.326137   0.000000
     5  H    8.495788   8.752336   9.197269   0.967334   0.000000
     6  H    8.782281   9.188668   9.400497   0.965649   1.514069
     7  O    3.080973   3.356425   3.842897   5.625571   5.427579
     8  H    3.118094   3.433329   3.976527   5.696427   5.609889
     9  H    2.184247   2.515695   2.893271   6.542509   6.347195
    10  O    7.018102   6.907581   7.756146   4.308531   3.479295
    11  H    6.972548   6.788562   7.778598   4.683796   3.931267
    12  H    6.179174   6.147009   6.904879   4.112088   3.402151
    13  O    5.448366   5.706882   5.335114   7.860941   7.481760
    14  H    5.544960   5.897918   5.279785   8.466325   8.168161
    15  H    5.731591   6.074056   5.720494   7.061979   6.721855
    16  O    5.506357   6.197800   5.549965   6.224883   6.264687
    17  H    5.019099   5.688604   5.220374   5.517020   5.555561
    18  H    6.258063   6.875893   6.341995   5.895369   5.880887
    19  O    5.451245   6.367978   5.632964   7.229367   7.696655
    20  H    4.849751   5.793107   4.923308   7.903717   8.291040
    21  H    5.331949   6.237754   5.509545   6.663289   7.083834
    22  O    7.456691   7.876951   7.625442   5.602795   5.335003
    23  H    8.009900   8.447212   8.076830   6.474285   6.230104
    24  H    7.984554   8.322015   8.222255   5.351357   4.961546
    25  O    4.212734   4.855637   3.676831   9.122057   9.041557
    26  H    3.715130   4.243849   3.066261   9.543465   9.402736
    27  H    3.986719   4.619715   3.660748   8.195520   8.090036
                    6          7          8          9         10
     6  H    0.000000
     7  O    5.841201   0.000000
     8  H    6.001019   0.964936   0.000000
     9  H    6.697006   0.974045   1.505144   0.000000
    10  O    4.781463   4.243563   4.676896   5.007425   0.000000
    11  H    5.294190   4.310466   4.587214   5.081273   0.966262
    12  H    4.506911   3.328693   3.814828   4.109054   0.966697
    13  O    7.540420   4.784933   5.693349   4.472402   6.325409
    14  H    8.091368   5.272076   6.118834   4.853775   7.212895
    15  H    6.679663   4.604447   5.496957   4.462634   5.946113
    16  O    5.745787   4.282218   4.843917   4.260058   6.635745
    17  H    5.145370   3.431479   3.955996   3.540272   5.886811
    18  H    5.326510   4.715613   5.347794   4.814978   6.404583
    19  O    7.057490   5.084940   4.776618   5.064877   8.589771
    20  H    7.757710   5.024426   4.737303   4.823582   8.832891
    21  H    6.414545   4.652972   4.507401   4.670837   7.995425
    22  O    4.992457   5.478648   6.248298   5.737651   5.703303
    23  H    5.805399   6.279431   7.064769   6.443164   6.597518
    24  H    4.770438   5.791254   6.571653   6.145295   5.278996
    25  O    8.817969   5.047734   5.591094   4.364091   8.344690
    26  H    9.317427   5.004479   5.546900   4.201734   8.362293
    27  H    7.902417   4.268621   4.883619   3.683703   7.421578
                   11         12         13         14         15
    11  H    0.000000
    12  H    1.510893   0.000000
    13  O    6.976870   5.623399   0.000000
    14  H    7.846064   6.468217   0.969711   0.000000
    15  H    6.661520   5.228930   0.970047   1.524539   0.000000
    16  O    7.240129   5.757482   3.369856   3.282745   2.705496
    17  H    6.430878   4.979656   3.614940   3.730116   2.957478
    18  H    7.105702   5.599972   3.316026   3.357280   2.468015
    19  O    8.773759   7.671419   7.228567   7.060181   6.824326
    20  H    8.993025   7.890909   7.034037   6.800177   6.753544
    21  H    8.267714   7.070168   6.419749   6.270687   5.955993
    22  O    6.571995   5.124291   3.388583   3.800122   2.448743
    23  H    7.479076   6.041499   3.479049   3.722113   2.626721
    24  H    6.200707   4.841798   3.898023   4.455461   3.031243
    25  O    8.776320   7.447030   3.307171   2.657021   3.605047
    26  H    8.728043   7.486775   3.454060   2.908891   3.948708
    27  H    7.880234   6.521896   2.679574   2.231047   2.836015
                   16         17         18         19         20
    16  O    0.000000
    17  H    0.967622   0.000000
    18  H    0.972503   1.499439   0.000000
    19  O    4.407223   4.070543   5.196964   0.000000
    20  H    4.515788   4.236978   5.401249   0.968095   0.000000
    21  H    3.472475   3.158973   4.238381   0.965735   1.512681
    22  O    2.964943   3.158074   2.057720   7.085002   7.342147
    23  H    3.297353   3.728255   2.386372   7.566581   7.786553
    24  H    3.857841   3.911757   2.975707   7.825669   8.119100
    25  O    3.335835   3.707656   4.050513   5.399198   4.866516
    26  H    4.085619   4.315863   4.778468   5.910700   5.294546
    27  H    2.574538   2.849251   3.270553   5.111058   4.706158
                   21         22         23         24         25
    21  H    0.000000
    22  O    6.131099   0.000000
    23  H    6.603450   0.966356   0.000000
    24  H    6.885235   0.970418   1.534649   0.000000
    25  O    4.845877   5.515159   5.582927   6.346955   0.000000
    26  H    5.438509   6.082976   6.197004   6.843224   0.961056
    27  H    4.455368   4.696226   4.872690   5.502480   0.967213
                   26         27
    26  H    0.000000
    27  H    1.519822   0.000000
 Symmetry turned off by external request.
 Stoichiometry    H18O9
 Framework group  C1[X(H18O9)]
 Deg. of freedom    75
 Full point group                 C1      NOp   1
 Rotational constants (GHZ):           0.4044814           0.2788082           0.2594850
 Standard basis: 6-311++G(d,p) (5D, 7F)
   324 basis functions,   486 primitive gaussians,   333 cartesian basis functions
    45 alpha electrons       45 beta electrons
       nuclear repulsion energy       454.6852449477 Hartrees.
 NAtoms=   27 NActive=   27 NUniq=   27 SFac= 1.00D+00 NAtFMM=   60 NAOKFM=F Big=F
 Integral buffers will be    131072 words long.
 Raffenetti 2 integral format.
 Two-electron integral symmetry is turned off.
 Force inversion solution in PCM.
 ------------------------------------------------------------------------------
 Polarizable Continuum Model (PCM)
 =================================
 Model                : C-PCM.
 Atomic radii         : UFF (Universal Force Field).
 Polarization charges : Total charges.
 Charge compensation  : None.
 Solution method      : Matrix inversion.
 Cavity type          : Scaled VdW (van der Waals Surface) (Alpha=1.100).
 Cavity algorithm     : GePol (No added spheres)
                        Default sphere list used, NSphG=   27.
                        Lebedev-Laikov grids with approx.  5.0 points / Ang**2.
                        Smoothing algorithm: York/Karplus (Gamma=1.0000).
                        Polarization charges: spherical gaussians, with
                                              point-specific exponents (IZeta= 3).
                        Self-potential: point-specific (ISelfS= 7).
                        Self-field    : sphere-specific E.n sum rule (ISelfD= 2).
 1st derivatives      : Analytical E(r).r(x)/FMM algorithm (CHGder, D1EAlg=3).
                        Cavity 1st derivative terms included.
 2nd derivatives      : Analytical E(r).r(xy)/FMM algorithm (CHGder, D2EAlg=3).
                        Cavity 2nd derivative terms included.
 Solvent              : Water, Eps=  78.355300 Eps(inf)=   1.777849
 ------------------------------------------------------------------------------
 One-electron integrals computed using PRISM.
 NBasis=   324 RedAO= T EigKep=  6.37D-04  NBF=   324
 NBsUse=   324 1.00D-06 EigRej= -1.00D+00 NBFU=   324
 Initial guess from the checkpoint file:  "cluster_225.chk"
 B after Tr=     0.000000    0.000000    0.000000
         Rot=    1.000000    0.000000    0.000000    0.000000 Ang=   0.00 deg.
 Requested convergence on RMS density matrix=1.00D-08 within  32 cycles.
 Requested convergence on MAX density matrix=1.00D-06.
 Requested convergence on             energy=1.00D-06.
 No special actions if energy rises.
 Inv3:  Mode=1 IEnd=    29165772.
 Iteration    1 A*A^-1 deviation from unit magnitude is 7.99D-15 for   3115.
 Iteration    1 A*A^-1 deviation from orthogonality  is 3.82D-15 for   3114    972.
 Iteration    1 A^-1*A deviation from unit magnitude is 7.55D-15 for   3115.
 Iteration    1 A^-1*A deviation from orthogonality  is 2.01D-15 for   2244    725.
 Error on total polarization charges =  0.01751
 SCF Done:  E(RB3LYP) =  -688.209934188     A.U. after   10 cycles
            NFock= 10  Conv=0.16D-08     -V/T= 2.0036
 QCSCF skips out because SCF is already converged.
 DoSCS=F DFT=T ScalE2(SS,OS)=  1.000000  1.000000
 Range of M.O.s used for correlation:     1   324
 NBasis=   324 NAE=    45 NBE=    45 NFC=     0 NFV=     0
 NROrb=    324 NOA=    45 NOB=    45 NVA=   279 NVB=   279

 **** Warning!!: The largest alpha MO coefficient is  0.11516813D+02

 NEqPCM:  Using non-equilibrium solvation (IEInf=1, Eps=  78.3553, EpsInf=   1.7778)
 Inv3:  Mode=1 IEnd=    29165772.
 Iteration    1 A*A^-1 deviation from unit magnitude is 7.99D-15 for   3115.
 Iteration    1 A*A^-1 deviation from orthogonality  is 3.82D-15 for   3114    972.
 Iteration    1 A^-1*A deviation from unit magnitude is 7.55D-15 for   3115.
 Iteration    1 A^-1*A deviation from orthogonality  is 2.01D-15 for   2244    725.
          Differentiating once with respect to electric field.
                with respect to dipole field.
                with respect to quadrupole field.
          Differentiating once with respect to magnetic field using GIAOs.
          Electric field/nuclear overlap derivatives assumed to be zero.
 FoFJK:  IHMeth= 1 ICntrl=    6127 DoSepK=F KAlg= 0 I1Cent=           0 FoldK=F
 IRaf=         1 NMat=       1 IRICut=       1 DoRegI=T DoRafI=F ISym2E= 0 IDoP0=0 IntGTp=1.
 CalDSu exits because no D1Ps are significant.
          There are    12 degrees of freedom in the 1st order CPHF.  IDoFFX=0 NUNeed=    12.
     11 vectors produced by pass  0 Test12= 2.09D-13 8.33D-09 XBig12= 1.00D+00 2.02D-01.
 AX will form    11 AO Fock derivatives at one time.
     11 vectors produced by pass  1 Test12= 2.09D-13 8.33D-09 XBig12= 8.93D-02 4.38D-02.
     11 vectors produced by pass  2 Test12= 2.09D-13 8.33D-09 XBig12= 3.20D-02 2.76D-02.
     11 vectors produced by pass  3 Test12= 2.09D-13 8.33D-09 XBig12= 1.54D-03 8.03D-03.
     11 vectors produced by pass  4 Test12= 2.09D-13 8.33D-09 XBig12= 3.60D-05 8.75D-04.
     11 vectors produced by pass  5 Test12= 2.09D-13 8.33D-09 XBig12= 1.08D-06 1.18D-04.
     11 vectors produced by pass  6 Test12= 2.09D-13 8.33D-09 XBig12= 2.86D-08 1.97D-05.
     11 vectors produced by pass  7 Test12= 2.09D-13 8.33D-09 XBig12= 4.86D-10 2.45D-06.
     10 vectors produced by pass  8 Test12= 2.09D-13 8.33D-09 XBig12= 4.83D-12 2.36D-07.
      8 vectors produced by pass  9 Test12= 2.09D-13 8.33D-09 XBig12= 5.93D-14 1.96D-08.
 InvSVY:  IOpt=1 It=  1 EMax= 1.99D-13
 Solved reduced A of dimension   106 with    12 vectors.
 Isotropic polarizability for W=    0.085645       80.22 Bohr**3.
 Dipole-magnetic dipole polarizability for W=    0.085645:
                 1             2             3 
      1   0.792028D+02  0.163941D+04 -0.735254D+03
      2  -0.173255D+04 -0.678347D+02  0.804832D+03
      3   0.733539D+03 -0.771875D+03 -0.115035D+02
 DQ contribution to OR G for W=    0.085645:
                 1             2             3 
      1   0.158025D+03  0.538408D+04 -0.248659D+04
      2  -0.556612D+04 -0.135908D+03  0.271592D+04
      3   0.248452D+04 -0.264864D+04 -0.221170D+02
 Optical Rotation G' tensor for W=    0.085645:
                 1             2             3 
      1  -0.162845D+00  0.530335D+00  0.169294D+00
      2   0.530335D+00 -0.127331D+00  0.171679D+00
      3   0.169294D+00  0.171679D+00  0.154792D+00
 OR G Eigenvalues:    -0.6757     0.0029     0.5375  Iso=     0.0451
 Eigenvectors:
   (1)   0.719315  -0.694677  -0.003028
   (2)  -0.368478  -0.385235   0.846061
   (3)   0.588905   0.607469   0.533078
 w=    0.085645 a.u., Optical Rotation Beta=      0.0451 au.
 Molar Mass =    162.1368 grams/mole, [Alpha] ( 5320.0 A) =       13.20 deg.
 End of Minotr F.D. properties on file   721 Mask=       B NFrqRd=     1 NDeriv=     1 ND12= 1 LenFil=      39:
 Frequencies=    0.085645
 Property number 1 -- Alpha(-w,w) frequency  1    0.085645:
                 1             2             3 
      1   0.829735D+02  0.326446D+01 -0.132406D+01
      2   0.326446D+01  0.798258D+02 -0.291712D+00
      3  -0.132406D+01 -0.291712D+00  0.778506D+02
 Property number 2 -- FD Optical Rotation Tensor frequency  1    0.085645:
                 1             2             3 
      1   0.792028D+02  0.163941D+04 -0.735254D+03
      2  -0.173255D+04 -0.678347D+02  0.804832D+03
      3   0.733539D+03 -0.771875D+03 -0.115035D+02
 Property number 4 -- D-Q polarizability frequency  1    0.085645:
                 1             2             3 
      1   0.221328D+04 -0.891110D+03 -0.216786D+04
      2  -0.996416D+03  0.194049D+04 -0.209930D+04
      3  -0.121687D+04 -0.104938D+04  0.426716D+04
      4   0.159341D+04  0.165222D+04 -0.254683D+02
      5   0.339826D+04  0.132557D+03  0.149906D+04
      6   0.110440D+03  0.328478D+04  0.143722D+04
 End of Minotr F.D. properties file   722 does not exist.
 End of Minotr F.D. properties file   788 does not exist.
 Symmetrizing basis deriv contribution to polar:
 IMax=3 JMax=2 DiffMx= 0.00D+00
 G2DrvN: will do    28 centers at a time, making    1 passes.
 PxScal for G2LodP:  IOpCl= 0 ISclPx=1 IMOff=     1 NMtTot=    25 NTT=   52650 ScalPx= 2.18D+02
 Calling FoFCou, ICntrl=  3107 FMM=F I1Cent=   0 AccDes= 0.00D+00.
 PxScal for G2LodP:  IOpCl= 0 ISclPx=0 IMOff=     1 NMtTot=    25 NTT=   52650 ScalPx= 1.00D+00
 NEqPCM:  Using non-equilibrium solvation (IEInf=1, Eps=  78.3553, EpsInf=   1.7778)
 G2PCM: DoFxE=T DoFxN=T DoGrad=T DoDP/DQ/DG/TGxP=TTTF NFrqRd=   1 IEInf=1 SqF1=F DoCFld=F IF1Alg=4.
 End of G2Drv F.D. properties on file   721 Mask=       B NFrqRd=     1 NDeriv=     1 ND12= 1 LenFil=      39:
 Frequencies=    0.085645
 Property number 1 -- Alpha(-w,w) frequency  1    0.085645:
                 1             2             3 
      1   0.829735D+02  0.326446D+01 -0.132406D+01
      2   0.326446D+01  0.798258D+02 -0.291712D+00
      3  -0.132406D+01 -0.291712D+00  0.778506D+02
 Property number 2 -- FD Optical Rotation Tensor frequency  1    0.085645:
                 1             2             3 
      1   0.792028D+02  0.163941D+04 -0.735254D+03
      2  -0.173255D+04 -0.678347D+02  0.804832D+03
      3   0.733539D+03 -0.771875D+03 -0.115035D+02
 Property number 4 -- D-Q polarizability frequency  1    0.085645:
                 1             2             3 
      1   0.221328D+04 -0.891110D+03 -0.216786D+04
      2  -0.996416D+03  0.194049D+04 -0.209930D+04
      3  -0.121687D+04 -0.104938D+04  0.426716D+04
      4   0.159341D+04  0.165222D+04 -0.254683D+02
      5   0.339826D+04  0.132557D+03  0.149906D+04
      6   0.110440D+03  0.328478D+04  0.143722D+04
 End of G2Drv F.D. properties on file   722 Mask=       B NFrqRd=     1 NDeriv=    81 ND12= 1 LenFil=    2919:
 Frequencies=    0.085645
 Property number 1 -- Alpha(-w,w) derivatives, frequency  1    0.085645:
                 1             2             3             4             5 
      1   0.283657D+01  0.348209D+00  0.995931D+00 -0.225542D+01  0.196185D+00
      2   0.348209D+00  0.787386D-01 -0.877385D-02  0.196185D+00 -0.560272D+00
      3   0.995931D+00 -0.877385D-02  0.381148D+00 -0.734826D+00 -0.119388D+00
                 6             7             8             9            10 
      1  -0.734826D+00  0.943891D+00  0.312997D+00 -0.607459D+00 -0.155351D+01
      2  -0.119388D+00  0.312997D+00 -0.263314D+00  0.363558D+00 -0.140429D+00
      3   0.501366D+00 -0.607459D+00  0.363558D+00 -0.367989D+00 -0.596792D+00
                11            12            13            14            15 
      1  -0.140429D+00 -0.596792D+00  0.990710D+00 -0.796464D-01  0.809561D+00
      2   0.214410D+00 -0.714361D-01 -0.796464D-01  0.427095D+00  0.149709D+00
      3  -0.714361D-01 -0.290740D+00  0.809561D+00  0.149709D+00 -0.282430D-01
                16            17            18            19            20 
      1   0.224946D+00 -0.210653D+00  0.510489D+00 -0.141975D+01 -0.346488D+00
      2  -0.210653D+00  0.354060D+00 -0.172466D+00 -0.346488D+00  0.910103D-01
      3   0.510489D+00 -0.172466D+00  0.394581D-01 -0.319419D+00 -0.355597D-01
                21            22            23            24            25 
      1  -0.319419D+00  0.110971D+01  0.210760D-01 -0.191317D+00 -0.113080D+01
      2  -0.355597D-01  0.210760D-01  0.492475D+00 -0.114153D+00 -0.210437D+00
      3  -0.535303D-01 -0.191317D+00 -0.114153D+00 -0.579518D+00  0.170962D+00
                26            27            28            29            30 
      1  -0.210437D+00  0.170962D+00  0.537891D+00 -0.491986D+00  0.202403D+00
      2  -0.254507D+00 -0.190335D+00 -0.491986D+00 -0.175384D+01  0.125943D+00
      3  -0.190335D+00  0.365249D+00  0.202403D+00  0.125943D+00 -0.393171D+00
                31            32            33            34            35 
      1  -0.975293D+00 -0.166570D+01  0.209292D+00  0.544854D+00  0.378173D+00
      2  -0.166570D+01 -0.143467D+01  0.957208D+00  0.378173D+00  0.138725D+01
      3   0.209292D+00  0.957208D+00  0.238491D-01 -0.340054D+00  0.411123D+00
                36            37            38            39            40 
      1  -0.340054D+00 -0.287696D+00  0.146166D+00 -0.987233D-01  0.699875D+00
      2   0.411123D+00  0.146166D+00  0.117759D+01  0.179009D+00  0.112455D+01
      3  -0.665110D+00 -0.987233D-01  0.179009D+00  0.554866D-01 -0.232858D+00
                41            42            43            44            45 
      1   0.112455D+01 -0.232858D+00  0.524352D-01  0.356531D+00  0.290384D-01
      2   0.335835D+00 -0.833367D+00  0.356531D+00 -0.672544D+00 -0.724224D-01
      3  -0.833367D+00  0.453556D-01  0.290384D-01 -0.724224D-01  0.555439D-01
                46            47            48            49            50 
      1  -0.245853D+00  0.363747D+00 -0.858105D-01  0.322213D+00  0.536896D+00
      2   0.363747D+00  0.546656D+00 -0.294208D+00  0.536896D+00  0.102746D+01
      3  -0.858105D-01 -0.294208D+00  0.337877D+00  0.665337D-01 -0.119490D+00
                51            52            53            54            55 
      1   0.665337D-01 -0.586989D+00 -0.711463D+00  0.310631D+00  0.604002D-01
      2  -0.119490D+00 -0.711463D+00 -0.723721D+00 -0.402305D+00  0.549629D-01
      3  -0.116812D+00  0.310631D+00 -0.402305D+00  0.607447D+00  0.167585D+00
                56            57            58            59            60 
      1   0.549629D-01  0.167585D+00  0.504985D-02  0.615479D+00 -0.151542D+00
      2   0.428666D+00 -0.782342D+00  0.615479D+00  0.103955D+01 -0.943220D+00
      3  -0.782342D+00 -0.129798D+01 -0.151542D+00 -0.943220D+00  0.141352D+01
                61            62            63            64            65 
      1   0.621407D-01 -0.324414D+00 -0.299087D-01  0.876946D-01 -0.848265D-01
      2  -0.324414D+00 -0.110993D+01  0.168270D+00 -0.848265D-01  0.401375D+00
      3  -0.299087D-01  0.168270D+00  0.235120D+01  0.189242D+00  0.118522D+00
                66            67            68            69            70 
      1   0.189242D+00  0.360199D+00 -0.463337D-01  0.831645D-01 -0.162322D+00
      2   0.118522D+00 -0.463337D-01 -0.568526D-02 -0.135283D+00  0.282425D-01
      3   0.116487D+01  0.831645D-01 -0.135283D+00 -0.120673D+01  0.243177D-01
                71            72            73            74            75 
      1   0.282425D-01  0.243177D-01 -0.151657D+00  0.151539D+00 -0.435256D+00
      2   0.395640D+00  0.228250D+00  0.151539D+00 -0.123144D+01  0.686045D+00
      3   0.228250D+00 -0.899999D+00 -0.435256D+00  0.686045D+00  0.172284D+00
                76            77            78            79            80 
      1  -0.236034D+00 -0.788659D+00  0.102187D+00  0.463982D-01  0.280950D+00
      2  -0.788659D+00 -0.141706D+01  0.115145D+01  0.280950D+00  0.837716D+00
      3   0.102187D+00  0.115145D+01 -0.101061D+00  0.251712D-02 -0.362739D+00
                81            82            83            84            85 
      1   0.251712D-02  0.205206D-01  0.136640D+00 -0.382965D+00  0.148629D+00
      2  -0.362739D+00  0.136640D+00 -0.139122D+01 -0.333844D+00 -0.119133D+01
      3  -0.139004D+01 -0.382965D+00 -0.333844D+00  0.742419D+00 -0.401875D+00
                86            87            88            89            90 
      1  -0.119133D+01 -0.401875D+00 -0.128077D+00 -0.291116D+00  0.108362D+01
      2   0.460930D-01  0.153320D+01 -0.291116D+00 -0.242915D-01  0.285230D+00
      3   0.153320D+01  0.541585D+00  0.108362D+01  0.285230D+00 -0.102265D+01
                91            92            93            94            95 
      1   0.152403D-01 -0.343164D-01 -0.238879D+00 -0.158035D-01  0.588720D+00
      2  -0.343164D-01  0.739253D+00  0.851872D-01  0.588720D+00 -0.705629D-01
      3  -0.238879D+00  0.851872D-01  0.543203D+00  0.146569D+00 -0.836290D+00
                96            97            98            99           100 
      1   0.146569D+00 -0.480870D+00  0.646733D-01 -0.329594D+00  0.276201D-01
      2  -0.836290D+00  0.646733D-01  0.751484D+00 -0.367132D-01 -0.134523D+00
      3  -0.210058D+00 -0.329594D+00 -0.367132D-01  0.250433D+00  0.603214D+00
               101           102           103           104           105 
      1  -0.134523D+00  0.603214D+00 -0.170867D+00  0.612866D+00  0.251699D+00
      2   0.656519D+00  0.302730D+00  0.612866D+00  0.135418D+00 -0.672093D+00
      3   0.302730D+00 -0.127702D+01  0.251699D+00 -0.672093D+00 -0.323776D+00
               106           107           108           109           110 
      1   0.567489D+00  0.251792D+00 -0.744692D+00 -0.307079D+01  0.212199D+01
      2   0.251792D+00 -0.671247D+00 -0.251928D+00  0.212199D+01 -0.152661D+01
      3  -0.744692D+00 -0.251928D+00  0.701317D+00 -0.599766D+00  0.938719D+00
               111           112           113           114           115 
      1  -0.599766D+00  0.652323D+00 -0.127981D+01  0.205681D+00 -0.470770D+00
      2   0.938719D+00 -0.127981D+01 -0.210213D+01 -0.368993D+00  0.798641D+00
      3   0.650517D+00  0.205681D+00 -0.368993D+00  0.458871D+00  0.109400D+01
               116           117           118           119           120 
      1   0.798641D+00  0.109400D+01  0.131168D+01 -0.132406D+01  0.811399D+00
      2  -0.315319D+00  0.947161D-01 -0.132406D+01  0.406953D+00 -0.622910D+00
      3   0.947161D-01  0.243151D+00  0.811399D+00 -0.622910D+00 -0.418884D+00
               121           122           123           124           125 
      1  -0.421201D-01  0.385116D+00  0.230627D+00  0.287222D+00 -0.290406D+00
      2   0.385116D+00 -0.105172D-01 -0.565806D-01 -0.290406D+00 -0.511607D+00
      3   0.230627D+00 -0.565806D-01 -0.319840D+00 -0.118647D+01  0.391015D+00
               126           127           128           129           130 
      1  -0.118647D+01  0.185272D+01 -0.770574D+00 -0.539530D-01 -0.551269D+00
      2   0.391015D+00 -0.770574D+00  0.120382D+01 -0.213702D+00  0.108648D+01
      3   0.119576D-02 -0.539530D-01 -0.213702D+00 -0.479956D+00 -0.571194D+00
               131           132           133           134           135 
      1   0.108648D+01 -0.571194D+00  0.185438D+00 -0.480215D+00 -0.159252D-01
      2   0.232880D+01  0.563816D+00 -0.480215D+00  0.923550D+00 -0.567071D+00
      3   0.563816D+00 -0.299829D+00 -0.159252D-01 -0.567071D+00 -0.165901D+00
               136           137           138           139           140 
      1  -0.107547D+01 -0.199610D+00 -0.219683D+00 -0.744635D+00  0.669613D+00
      2  -0.199610D+00  0.141662D+01  0.853015D+00  0.669613D+00 -0.152123D+01
      3  -0.219683D+00  0.853015D+00  0.176635D+01  0.289988D+00 -0.145276D+01
               141           142           143           144           145 
      1   0.289988D+00 -0.177357D+00  0.493264D+00  0.120628D+01 -0.134346D+00
      2  -0.145276D+01  0.493264D+00 -0.207648D+01 -0.124726D+01  0.974097D-01
      3  -0.118569D+01  0.120628D+01 -0.124726D+01  0.180812D+00  0.413241D-01
               146           147           148           149           150 
      1   0.974097D-01  0.413241D-01  0.126347D+00 -0.184539D+00  0.156452D+00
      2  -0.616073D-01  0.981561D-01 -0.184539D+00  0.645117D+00  0.591917D+00
      3   0.981561D-01 -0.631086D+00  0.156452D+00  0.591917D+00  0.103395D+01
               151           152           153           154           155 
      1   0.719937D-01 -0.346938D+00 -0.697585D+00  0.168615D+01  0.649197D+00
      2  -0.346938D+00  0.142176D+01  0.882550D+00  0.649197D+00 -0.141503D+01
      3  -0.697585D+00  0.882550D+00 -0.586446D+00  0.315843D+00 -0.757524D+00
               156           157           158           159           160 
      1   0.315843D+00  0.983821D+00 -0.550526D+00 -0.348629D+00 -0.892172D-01
      2  -0.757524D+00 -0.550526D+00  0.812563D+00  0.764551D+00 -0.247598D+00
      3  -0.902227D+00 -0.348629D+00  0.764551D+00  0.157474D+00 -0.613979D+00
               161           162           163           164           165 
      1  -0.247598D+00 -0.613979D+00 -0.166063D+01  0.657958D+00 -0.128128D-01
      2   0.594894D+00  0.411392D+00  0.657958D+00  0.623726D+00  0.132376D+00
      3   0.411392D+00  0.407955D+00 -0.128128D-01  0.132376D+00  0.632112D+00
               166           167           168           169           170 
      1   0.161494D+00  0.206417D+00  0.144520D+00 -0.295586D+00  0.159888D+00
      2   0.206417D+00  0.549083D+00  0.525998D-01  0.159888D+00 -0.746267D-01
      3   0.144520D+00  0.525998D-01 -0.149074D+01  0.162781D+01 -0.157955D+01
               171           172           173           174           175 
      1   0.162781D+01  0.810846D-01  0.509315D-01  0.702520D-01  0.601185D+00
      2  -0.157955D+01  0.509315D-01 -0.589221D+00 -0.360982D-01 -0.172685D+00
      3  -0.117852D+01  0.702520D-01 -0.360982D-01  0.424883D+00 -0.210191D+00
               176           177           178           179           180 
      1  -0.172685D+00 -0.210191D+00  0.640276D-01 -0.309144D-01 -0.892440D+00
      2  -0.875479D+00 -0.159494D+00 -0.309144D-01  0.149348D-01  0.728802D+00
      3  -0.159494D+00  0.109752D+01 -0.892440D+00  0.728802D+00  0.613030D+00
               181           182           183           184           185 
      1   0.159744D+01 -0.752197D+00 -0.425679D-01 -0.832262D+00 -0.506647D-02
      2  -0.752197D+00 -0.251445D-01 -0.739027D-01 -0.506647D-02  0.383287D+00
      3  -0.425679D-01 -0.739027D-01 -0.110240D+01  0.834853D-01  0.682323D-01
               186           187           188           189           190 
      1   0.834853D-01  0.267483D+00 -0.123924D+00 -0.744267D+00  0.331459D+00
      2   0.682323D-01 -0.123924D+00  0.486809D-01  0.820465D+00 -0.689408D+00
      3   0.410424D+00 -0.744267D+00  0.820465D+00  0.569028D+00  0.807568D-01
               191           192           193           194           195 
      1  -0.689408D+00  0.807568D-01  0.626906D-02 -0.133523D+01 -0.743171D+00
      2   0.106892D+01  0.515090D+00 -0.133523D+01 -0.152510D+01 -0.106638D+01
      3   0.515090D+00 -0.689073D+00 -0.743171D+00 -0.106638D+01 -0.420135D+00
               196           197           198           199           200 
      1  -0.191281D-01 -0.643023D+00 -0.678768D-02 -0.449964D+00  0.129147D+00
      2  -0.643023D+00 -0.739120D+00  0.501668D+00  0.129147D+00 -0.310121D+00
      3  -0.678768D-02  0.501668D+00  0.405229D+00 -0.434815D+00 -0.519154D+00
               201           202           203           204           205 
      1  -0.434815D+00  0.387131D-01  0.716637D+00  0.703173D+00 -0.429930D+00
      2  -0.519154D+00  0.716637D+00  0.991724D+00  0.807549D+00  0.596212D+00
      3   0.803689D-01  0.703173D+00  0.807549D+00  0.456715D+00  0.632749D-01
               206           207           208           209           210 
      1   0.596212D+00  0.632749D-01 -0.469754D+00  0.194416D-01  0.244787D+00
      2  -0.105824D+00 -0.537551D+00  0.194416D-01 -0.830902D+00 -0.230053D+00
      3  -0.537551D+00 -0.190199D+00  0.244787D+00 -0.230053D+00  0.410540D+00
               211           212           213           214           215 
      1  -0.412981D+00  0.525514D+00  0.128305D+00  0.739306D+00  0.208342D+00
      2   0.525514D+00  0.431995D+00  0.147873D+00  0.208342D+00  0.758913D+00
      3   0.128305D+00  0.147873D+00  0.110851D+00  0.129408D+00  0.163087D+00
               216           217           218           219           220 
      1   0.129408D+00  0.191837D+01 -0.277728D+00 -0.722810D+00 -0.201126D+01
      2   0.163087D+00 -0.277728D+00 -0.242817D+01  0.188119D+01 -0.615741D+00
      3  -0.190046D+00 -0.722810D+00  0.188119D+01 -0.901536D+00  0.116275D+01
               221           222           223           224           225 
      1  -0.615741D+00  0.116275D+01 -0.135840D+00  0.118083D+01 -0.120233D+01
      2   0.354393D+00 -0.851229D-01  0.118083D+01 -0.699383D+00  0.480049D-01
