 Entering Gaussian System, Link 0=g16
 Input=FREE.INP
 Output=FREE.OUT
 Initial command:
 /usr/local/g16-A.03/sse4/g16/l1.exe "/scratch/zronyj/p1/cluster_441/Gau-11833.inp" -scrdir="/scratch/zronyj/p1/cluster_441/"
 Entering Link 1 = /usr/local/g16-A.03/sse4/g16/l1.exe PID=     11834.
  
 Copyright (c) 1988,1990,1992,1993,1995,1998,2003,2009,2016,
            Gaussian, Inc.  All Rights Reserved.
  
 This is part of the Gaussian(R) 16 program.  It is based on
 the Gaussian(R) 09 system (copyright 2009, Gaussian, Inc.),
 the Gaussian(R) 03 system (copyright 2003, Gaussian, Inc.),
 the Gaussian(R) 98 system (copyright 1998, Gaussian, Inc.),
 the Gaussian(R) 94 system (copyright 1995, Gaussian, Inc.),
 the Gaussian 92(TM) system (copyright 1992, Gaussian, Inc.),
 the Gaussian 90(TM) system (copyright 1990, Gaussian, Inc.),
 the Gaussian 88(TM) system (copyright 1988, Gaussian, Inc.),
 the Gaussian 86(TM) system (copyright 1986, Carnegie Mellon
 University), and the Gaussian 82(TM) system (copyright 1983,
 Carnegie Mellon University). Gaussian is a federally registered
 trademark of Gaussian, Inc.
  
 This software contains proprietary and confidential information,
 including trade secrets, belonging to Gaussian, Inc.
  
 This software is provided under written license and may be
 used, copied, transmitted, or stored only in accord with that
 written license.
  
 The following legend is applicable only to US Government
 contracts under FAR:
  
                    RESTRICTED RIGHTS LEGEND
  
 Use, reproduction and disclosure by the US Government is
 subject to restrictions as set forth in subparagraphs (a)
 and (c) of the Commercial Computer Software - Restricted
 Rights clause in FAR 52.227-19.
  
 Gaussian, Inc.
 340 Quinnipiac St., Bldg. 40, Wallingford CT 06492
  
  
 ---------------------------------------------------------------
 Warning -- This program may not be used in any manner that
 competes with the business of Gaussian, Inc. or will provide
 assistance to any competitor of Gaussian, Inc.  The licensee
 of this program is prohibited from giving any competitor of
 Gaussian, Inc. access to this program.  By using this program,
 the user acknowledges that Gaussian, Inc. is engaged in the
 business of creating and licensing software in the field of
 computational chemistry and represents and warrants to the
 licensee that it is not a competitor of Gaussian, Inc. and that
 it will not use this program in any manner prohibited above.
 ---------------------------------------------------------------
  

 Cite this work as:
 Gaussian 16, Revision A.03,
 M. J. Frisch, G. W. Trucks, H. B. Schlegel, G. E. Scuseria, 
 M. A. Robb, J. R. Cheeseman, G. Scalmani, V. Barone, 
 G. A. Petersson, H. Nakatsuji, X. Li, M. Caricato, A. V. Marenich, 
 J. Bloino, B. G. Janesko, R. Gomperts, B. Mennucci, H. P. Hratchian, 
 J. V. Ortiz, A. F. Izmaylov, J. L. Sonnenberg, D. Williams-Young, 
 F. Ding, F. Lipparini, F. Egidi, J. Goings, B. Peng, A. Petrone, 
 T. Henderson, D. Ranasinghe, V. G. Zakrzewski, J. Gao, N. Rega, 
 G. Zheng, W. Liang, M. Hada, M. Ehara, K. Toyota, R. Fukuda, 
 J. Hasegawa, M. Ishida, T. Nakajima, Y. Honda, O. Kitao, H. Nakai, 
 T. Vreven, K. Throssell, J. A. Montgomery, Jr., J. E. Peralta, 
 F. Ogliaro, M. J. Bearpark, J. J. Heyd, E. N. Brothers, K. N. Kudin, 
 V. N. Staroverov, T. A. Keith, R. Kobayashi, J. Normand, 
 K. Raghavachari, A. P. Rendell, J. C. Burant, S. S. Iyengar, 
 J. Tomasi, M. Cossi, J. M. Millam, M. Klene, C. Adamo, R. Cammi, 
 J. W. Ochterski, R. L. Martin, K. Morokuma, O. Farkas, 
 J. B. Foresman, and D. J. Fox, Gaussian, Inc., Wallingford CT, 2016.
 
 ******************************************
 Gaussian 16:  ES64L-G16RevA.03 25-Dec-2016
                23-Aug-2023 
 ******************************************
 %chk=cluster_441.chk
 %mem=6GB
 %nproc=8
 Will use up to    8 processors via shared memory.
 ----------------------------------------------------------------------
 #b3lyp/6-311++G** scrf=(cpcm,Solvent=Water) nosymm freq=roa scf=(xqc,c
 onver=8) iop(2/11=1) geom=checkpoint guess=checkpoint
 ----------------------------------------------------------------------
 1/10=4,29=2,30=1,38=1,83=21/1,3;
 2/11=1,12=2,15=1,40=1/2;
 3/5=4,6=6,7=1111,11=2,14=-4,25=1,30=1,36=2,70=2101,71=2,72=1,74=-5,116=-2,140=1/1,2,3;
 4/5=1/1;
 5/5=2,6=8,8=3,13=1,38=6,53=1,98=1/2,8;
 8/6=4,10=90,11=11/1;
 10/13=10,15=4,31=1,49=111,72=3/2;
 11/6=3,8=1,9=11,15=111,16=1,31=1/1,2,10;
 10/6=1,31=1,49=111/2;
 6/7=2,8=2,9=2,10=2,28=1/1;
 7/8=1,10=1,25=1,30=1/1,2,3,16;
 1/10=4,30=1/3;
 99//99;
 ---------------
 ROA cluster_441
 ---------------
 Structure from the checkpoint file:  "cluster_441.chk"
 Charge =  0 Multiplicity = 1
 No Z-Matrix found in chk file; cartesian coordinates used.
  O                                                14.878839040000     16.321726440000      5.596728730000
  H                                                14.564150850000     16.537803690000      6.495922450000
  H                                                14.731616920000     15.368529070000      5.520452060000
  O                                                18.616224180000     19.272201440000      4.821334760000
  H                                                18.672647310000     18.930360460000      5.730415190000
  H                                                18.302722560000     18.495143520000      4.331220470000
  O                                                19.883123820000     19.900447760000      8.464113040000
  H                                                19.122895990000     19.367996360000      8.173134320000
  H                                                19.751015560000     20.747115070000      8.016331620000
  O                                                14.075306330000     20.339065890000      9.572702580000
  H                                                13.950492400000     19.898789470000      8.720846860000
  H                                                14.978003400000     20.090184320000      9.815781520000
  O                                                14.074967270000     16.589014820000      8.452523440000
  H                                                13.915485000000     15.634451040000      8.484837490000
  H                                                14.987506060000     16.683215090000      8.761769550000
  O                                                16.995040680000     16.598105800000      3.622294940000
  H                                                16.271505530000     16.601504190000      4.283402110000
  H                                                17.020603650000     15.690312550000      3.300419060000
  O                                                19.320802620000     14.955688330000      5.412727460000
  H                                                18.398530830000     15.010881380000      5.125995380000
  H                                                19.736199900000     14.391828460000      4.743523930000
  O                                                17.993260360000     17.917261160000      7.343230200000
  H                                                18.367155470000     17.066297300000      7.638960810000
  H                                                17.207045900000     17.664862360000      6.836657520000
  O                                                18.634847080000     14.818859550000      8.621632800000
  H                                                19.175761050000     14.116437330000      8.239703010000
  H                                                18.480209470000     14.542816380000      9.535714560000
 Recover connectivity data from disk.
 Using perturbation frequencies:    0.085645

 GradGradGradGradGradGradGradGradGradGradGradGradGradGradGradGradGradGrad
 Berny optimization.
 Initialization pass.
 Trust Radius=3.00D-01 FncErr=1.00D-07 GrdErr=1.00D-07 EigMax=2.50D+02 EigMin=1.00D-04
 Number of steps in this run=      2 maximum allowed number of steps=      2.
 GradGradGradGradGradGradGradGradGradGradGradGradGradGradGradGradGradGrad

                          Input orientation:                          
 ---------------------------------------------------------------------
 Center     Atomic      Atomic             Coordinates (Angstroms)
 Number     Number       Type             X           Y           Z
 ---------------------------------------------------------------------
      1          8           0       14.878839   16.321726    5.596729
      2          1           0       14.564151   16.537804    6.495922
      3          1           0       14.731617   15.368529    5.520452
      4          8           0       18.616224   19.272201    4.821335
      5          1           0       18.672647   18.930360    5.730415
      6          1           0       18.302723   18.495144    4.331220
      7          8           0       19.883124   19.900448    8.464113
      8          1           0       19.122896   19.367996    8.173134
      9          1           0       19.751016   20.747115    8.016332
     10          8           0       14.075306   20.339066    9.572703
     11          1           0       13.950492   19.898789    8.720847
     12          1           0       14.978003   20.090184    9.815782
     13          8           0       14.074967   16.589015    8.452523
     14          1           0       13.915485   15.634451    8.484837
     15          1           0       14.987506   16.683215    8.761770
     16          8           0       16.995041   16.598106    3.622295
     17          1           0       16.271506   16.601504    4.283402
     18          1           0       17.020604   15.690313    3.300419
     19          8           0       19.320803   14.955688    5.412727
     20          1           0       18.398531   15.010881    5.125995
     21          1           0       19.736200   14.391828    4.743524
     22          8           0       17.993260   17.917261    7.343230
     23          1           0       18.367155   17.066297    7.638961
     24          1           0       17.207046   17.664862    6.836658
     25          8           0       18.634847   14.818860    8.621633
     26          1           0       19.175761   14.116437    8.239703
     27          1           0       18.480209   14.542816    9.535715
 ---------------------------------------------------------------------
                    Distance matrix (angstroms):
                    1          2          3          4          5
     1  O    0.000000
     2  H    0.976866   0.000000
     3  H    0.967511   1.531924   0.000000
     4  O    4.824374   5.167250   5.551360   0.000000
     5  H    4.606064   4.815607   5.316244   0.972865   0.000000
     6  H    4.248321   4.742787   4.893137   0.970729   1.511292
     7  O    6.787636   6.593377   7.466020   3.907629   3.143156
     8  H    5.824916   5.621849   6.505059   3.391232   2.522127
     9  H    7.012606   6.850804   7.768717   3.697449   3.112698
    10  O    5.709032   4.914788   6.446527   6.658350   6.154930
    11  H    4.839145   4.077142   5.601423   6.112926   5.672679
    12  H    5.657872   4.879769   6.387847   6.232996   5.629014
    13  O    2.978794   2.017476   3.243118   6.403752   5.833561
    14  H    3.121149   2.278727   3.086157   6.982222   6.409404
    15  H    3.187470   2.309640   3.507138   5.949577   5.274376
    16  O    2.907419   3.764385   3.199679   3.349137   3.563418
    17  H    1.934586   2.795418   2.328471   3.594399   3.644571
    18  H    3.202948   4.118694   3.204926   4.205843   4.374019
    19  O    4.650909   5.128561   4.608977   4.413441   4.039684
    20  H    3.785252   4.348639   3.705370   4.277740   3.975271
    21  H    5.295887   5.867385   5.157850   5.007838   4.764805
    22  O    3.910961   3.792048   4.522928   2.929830   2.022155
    23  H    4.110164   4.006081   4.537360   3.587069   2.685257
    24  H    2.960065   2.893312   3.623988   2.937831   2.230077
    25  O    5.051361   4.903466   5.015443   5.854474   5.026431
    26  H    5.505647   5.492789   5.358402   6.211298   5.451927
    27  H    5.625833   5.343765   5.554825   6.679144   5.811014
                    6          7          8          9         10
     6  H    0.000000
     7  O    4.642558   0.000000
     8  H    4.024284   0.972687   0.000000
     9  H    4.555104   0.966854   1.523512   0.000000
    10  O    6.981707   5.928921   5.327282   5.899362   0.000000
    11  H    6.338844   5.938184   5.228335   5.904411   0.966995
    12  H    6.608958   5.091484   4.516634   5.143075   0.967415
    13  O    6.204223   6.685836   5.769088   7.049651   3.913781
    14  H    6.684605   7.335657   6.415111   7.772532   4.831397
    15  H    5.822672   5.865685   4.965480   6.305710   3.854214
    16  O    2.410676   6.533735   5.736741   6.642081   7.610978
    17  H    2.777409   6.434684   5.560029   6.574788   6.838813
    18  H    3.251685   7.251413   6.456651   7.434126   8.344293
    19  O    3.838475   5.837620   5.208404   6.364312   8.590773
    20  H    3.575043   6.103680   5.366024   6.564117   8.176370
    21  H    4.366010   6.649004   6.074588   7.148507   9.525561
    22  O    3.082518   2.959897   2.017288   3.398653   5.117231
    23  H    3.603734   3.318350   2.480787   3.950430   5.733266
    24  H    2.857812   3.848096   2.890902   4.166977   4.944199
    25  O    5.659771   5.235031   4.597172   6.062709   7.222647
    26  H    5.933928   5.831423   5.252247   6.659332   8.155528
    27  H    6.537519   5.640985   5.054902   6.512818   7.280182
                   11         12         13         14         15
    11  H    0.000000
    12  H    1.513702   0.000000
    13  O    3.322965   3.864212   0.000000
    14  H    4.271008   4.770107   0.968334   0.000000
    15  H    3.378904   3.566297   0.968108   1.525066   0.000000
    16  O    6.794043   7.390692   5.644291   5.835804   5.518300
    17  H    5.995841   6.667178   4.712378   4.913052   4.659518
    18  H    7.517839   8.122871   6.002384   6.043433   5.911488
    19  O    8.013622   8.038025   6.279085   6.254282   5.742638
    20  H    7.523274   7.713198   5.678864   5.636343   5.258388
    21  H    8.923011   8.991078   7.115747   7.030097   6.629242
    22  O    4.708318   4.463953   4.283432   4.810690   3.545375
    23  H    5.357276   5.036744   4.394606   4.752164   3.581827
    24  H    4.375585   4.441396   3.684886   4.203979   3.097748
    25  O    6.910768   6.525746   4.894339   4.791271   4.098604
    26  H    7.808363   7.469327   5.672480   5.480416   4.939877
    27  H    7.061784   6.566367   4.976584   4.809648   4.168846
                   16         17         18         19         20
    16  O    0.000000
    17  H    0.980090   0.000000
    18  H    0.963507   1.535472   0.000000
    19  O    3.363384   3.644489   3.208182   0.000000
    20  H    2.598111   2.786446   2.386009   0.967392   0.000000
    21  H    3.693070   4.135032   3.338125   0.968672   1.522783
    22  O    4.072097   3.749427   4.716957   3.776258   3.677964
    23  H    4.270305   3.983410   4.746523   3.212511   3.246647
    24  H    3.393382   2.919774   4.054453   3.719566   3.374851
    25  O    5.554103   5.251995   5.628546   3.284255   3.508874
    26  H    5.677559   5.501143   5.614117   2.952485   3.331560
    27  H    6.434164   6.058329   6.505852   4.228012   4.435243
                   21         22         23         24         25
    21  H    0.000000
    22  O    4.714338   0.000000
    23  H    4.172604   0.975394   0.000000
    24  H    4.635793   0.968738   1.532261   0.000000
    25  O    4.054018   3.412629   2.467444   3.650272   0.000000
    26  H    3.551507   4.080225   3.117115   4.293681   0.965327
    27  H    4.956349   4.053515   3.158862   4.318915   0.967294
                   26         27
    26  H    0.000000
    27  H    1.531417   0.000000
 Symmetry turned off by external request.
 Stoichiometry    H18O9
 Framework group  C1[X(H18O9)]
 Deg. of freedom    75
 Full point group                 C1      NOp   1
 Rotational constants (GHZ):           0.4815640           0.3786220           0.3257989
 Standard basis: 6-311++G(d,p) (5D, 7F)
   324 basis functions,   486 primitive gaussians,   333 cartesian basis functions
    45 alpha electrons       45 beta electrons
       nuclear repulsion energy       499.7910821546 Hartrees.
 NAtoms=   27 NActive=   27 NUniq=   27 SFac= 1.00D+00 NAtFMM=   60 NAOKFM=F Big=F
 Integral buffers will be    131072 words long.
 Raffenetti 2 integral format.
 Two-electron integral symmetry is turned off.
 Force inversion solution in PCM.
 ------------------------------------------------------------------------------
 Polarizable Continuum Model (PCM)
 =================================
 Model                : C-PCM.
 Atomic radii         : UFF (Universal Force Field).
 Polarization charges : Total charges.
 Charge compensation  : None.
 Solution method      : Matrix inversion.
 Cavity type          : Scaled VdW (van der Waals Surface) (Alpha=1.100).
 Cavity algorithm     : GePol (No added spheres)
                        Default sphere list used, NSphG=   27.
                        Lebedev-Laikov grids with approx.  5.0 points / Ang**2.
                        Smoothing algorithm: York/Karplus (Gamma=1.0000).
                        Polarization charges: spherical gaussians, with
                                              point-specific exponents (IZeta= 3).
                        Self-potential: point-specific (ISelfS= 7).
                        Self-field    : sphere-specific E.n sum rule (ISelfD= 2).
 1st derivatives      : Analytical E(r).r(x)/FMM algorithm (CHGder, D1EAlg=3).
                        Cavity 1st derivative terms included.
 2nd derivatives      : Analytical E(r).r(xy)/FMM algorithm (CHGder, D2EAlg=3).
                        Cavity 2nd derivative terms included.
 Solvent              : Water, Eps=  78.355300 Eps(inf)=   1.777849
 ------------------------------------------------------------------------------
 One-electron integrals computed using PRISM.
 NBasis=   324 RedAO= T EigKep=  7.07D-04  NBF=   324
 NBsUse=   324 1.00D-06 EigRej= -1.00D+00 NBFU=   324
 Initial guess from the checkpoint file:  "cluster_441.chk"
 B after Tr=     0.000000    0.000000    0.000000
         Rot=    1.000000    0.000000    0.000000    0.000000 Ang=   0.00 deg.
 Requested convergence on RMS density matrix=1.00D-08 within  32 cycles.
 Requested convergence on MAX density matrix=1.00D-06.
 Requested convergence on             energy=1.00D-06.
 No special actions if energy rises.
 Inv3:  Mode=1 IEnd=    25090992.
 Iteration    1 A*A^-1 deviation from unit magnitude is 7.44D-15 for   2889.
 Iteration    1 A*A^-1 deviation from orthogonality  is 3.01D-15 for   2874   1112.
 Iteration    1 A^-1*A deviation from unit magnitude is 7.44D-15 for   2889.
 Iteration    1 A^-1*A deviation from orthogonality  is 2.53D-15 for   1650    470.
 Error on total polarization charges =  0.01718
 SCF Done:  E(RB3LYP) =  -688.222733809     A.U. after   10 cycles
            NFock= 10  Conv=0.22D-08     -V/T= 2.0036
 QCSCF skips out because SCF is already converged.
 DoSCS=F DFT=T ScalE2(SS,OS)=  1.000000  1.000000
 Range of M.O.s used for correlation:     1   324
 NBasis=   324 NAE=    45 NBE=    45 NFC=     0 NFV=     0
 NROrb=    324 NOA=    45 NOB=    45 NVA=   279 NVB=   279

 **** Warning!!: The largest alpha MO coefficient is  0.13629450D+02

 NEqPCM:  Using non-equilibrium solvation (IEInf=1, Eps=  78.3553, EpsInf=   1.7778)
 Inv3:  Mode=1 IEnd=    25090992.
 Iteration    1 A*A^-1 deviation from unit magnitude is 7.44D-15 for   2889.
 Iteration    1 A*A^-1 deviation from orthogonality  is 3.01D-15 for   2874   1112.
 Iteration    1 A^-1*A deviation from unit magnitude is 7.44D-15 for   2889.
 Iteration    1 A^-1*A deviation from orthogonality  is 2.53D-15 for   1650    470.
          Differentiating once with respect to electric field.
                with respect to dipole field.
                with respect to quadrupole field.
          Differentiating once with respect to magnetic field using GIAOs.
          Electric field/nuclear overlap derivatives assumed to be zero.
 FoFJK:  IHMeth= 1 ICntrl=    6127 DoSepK=F KAlg= 0 I1Cent=           0 FoldK=F
 IRaf=         1 NMat=       1 IRICut=       1 DoRegI=T DoRafI=F ISym2E= 0 IDoP0=0 IntGTp=1.
 CalDSu exits because no D1Ps are significant.
          There are    12 degrees of freedom in the 1st order CPHF.  IDoFFX=0 NUNeed=    12.
     11 vectors produced by pass  0 Test12= 2.09D-13 8.33D-09 XBig12= 1.00D+00 1.98D-01.
 AX will form    11 AO Fock derivatives at one time.
     11 vectors produced by pass  1 Test12= 2.09D-13 8.33D-09 XBig12= 9.66D-02 4.94D-02.
     11 vectors produced by pass  2 Test12= 2.09D-13 8.33D-09 XBig12= 2.99D-02 2.44D-02.
     11 vectors produced by pass  3 Test12= 2.09D-13 8.33D-09 XBig12= 1.67D-03 9.00D-03.
     11 vectors produced by pass  4 Test12= 2.09D-13 8.33D-09 XBig12= 4.14D-05 1.24D-03.
     11 vectors produced by pass  5 Test12= 2.09D-13 8.33D-09 XBig12= 1.35D-06 1.47D-04.
     11 vectors produced by pass  6 Test12= 2.09D-13 8.33D-09 XBig12= 3.44D-08 2.55D-05.
     11 vectors produced by pass  7 Test12= 2.09D-13 8.33D-09 XBig12= 5.28D-10 2.82D-06.
     11 vectors produced by pass  8 Test12= 2.09D-13 8.33D-09 XBig12= 5.78D-12 2.71D-07.
      8 vectors produced by pass  9 Test12= 2.09D-13 8.33D-09 XBig12= 8.05D-14 2.73D-08.
 InvSVY:  IOpt=1 It=  1 EMax= 2.84D-13
 Solved reduced A of dimension   107 with    12 vectors.
 Isotropic polarizability for W=    0.085645       83.64 Bohr**3.
 Dipole-magnetic dipole polarizability for W=    0.085645:
                 1             2             3 
      1   0.265475D+02  0.523031D+03 -0.140211D+04
      2  -0.537144D+03 -0.520458D+01  0.139503D+04
      3   0.131588D+04 -0.132108D+04 -0.215567D+02
 DQ contribution to OR G for W=    0.085645:
                 1             2             3 
      1   0.524580D+02  0.178047D+04 -0.464349D+04
      2  -0.180930D+04 -0.973288D+01  0.459450D+04
      3   0.447315D+04 -0.444708D+04 -0.427251D+02
 Optical Rotation G' tensor for W=    0.085645:
                 1             2             3 
      1  -0.266130D+00 -0.750007D-01  0.263711D+00
      2  -0.750007D-01  0.621931D-01 -0.597765D-01
      3   0.263711D+00 -0.597765D-01 -0.981963D-02
 OR G Eigenvalues:    -0.4333     0.0087     0.2109  Iso=     0.0713
 Eigenvectors:
   (1)   0.851161   0.066016  -0.520737
   (2)   0.225965   0.849347   0.477022
   (3)   0.473778  -0.523691   0.708013
 w=    0.085645 a.u., Optical Rotation Beta=      0.0713 au.
 Molar Mass =    162.1368 grams/mole, [Alpha] ( 5320.0 A) =       20.84 deg.
 End of Minotr F.D. properties on file   721 Mask=       B NFrqRd=     1 NDeriv=     1 ND12= 1 LenFil=      39:
 Frequencies=    0.085645
 Property number 1 -- Alpha(-w,w) frequency  1    0.085645:
                 1             2             3 
      1   0.819705D+02  0.162716D+01 -0.103339D+01
      2   0.162716D+01  0.830271D+02  0.594861D+00
      3  -0.103339D+01  0.594861D+00  0.859307D+02
 Property number 2 -- FD Optical Rotation Tensor frequency  1    0.085645:
                 1             2             3 
      1   0.265475D+02  0.523031D+03 -0.140211D+04
      2  -0.537144D+03 -0.520458D+01  0.139503D+04
      3   0.131588D+04 -0.132108D+04 -0.215567D+02
 Property number 4 -- D-Q polarizability frequency  1    0.085645:
                 1             2             3 
      1   0.351048D+04 -0.174752D+04 -0.787137D+03
      2  -0.167777D+04  0.358175D+04 -0.690748D+03
      3  -0.183271D+04 -0.183423D+04  0.147788D+04
      4   0.272563D+04  0.276931D+04 -0.142461D+02
      5   0.102216D+04  0.382119D+02  0.276179D+04
      6  -0.451322D+01  0.108972D+04  0.280926D+04
 End of Minotr F.D. properties file   722 does not exist.
 End of Minotr F.D. properties file   788 does not exist.
 Symmetrizing basis deriv contribution to polar:
 IMax=3 JMax=2 DiffMx= 0.00D+00
 G2DrvN: will do    28 centers at a time, making    1 passes.
 PxScal for G2LodP:  IOpCl= 0 ISclPx=1 IMOff=     1 NMtTot=    25 NTT=   52650 ScalPx= 1.92D+02
 Calling FoFCou, ICntrl=  3107 FMM=F I1Cent=   0 AccDes= 0.00D+00.
 PxScal for G2LodP:  IOpCl= 0 ISclPx=0 IMOff=     1 NMtTot=    25 NTT=   52650 ScalPx= 1.00D+00
 NEqPCM:  Using non-equilibrium solvation (IEInf=1, Eps=  78.3553, EpsInf=   1.7778)
 G2PCM: DoFxE=T DoFxN=T DoGrad=T DoDP/DQ/DG/TGxP=TTTF NFrqRd=   1 IEInf=1 SqF1=F DoCFld=F IF1Alg=4.
 End of G2Drv F.D. properties on file   721 Mask=       B NFrqRd=     1 NDeriv=     1 ND12= 1 LenFil=      39:
 Frequencies=    0.085645
 Property number 1 -- Alpha(-w,w) frequency  1    0.085645:
                 1             2             3 
      1   0.819705D+02  0.162716D+01 -0.103339D+01
      2   0.162716D+01  0.830271D+02  0.594861D+00
      3  -0.103339D+01  0.594861D+00  0.859307D+02
 Property number 2 -- FD Optical Rotation Tensor frequency  1    0.085645:
                 1             2             3 
      1   0.265475D+02  0.523031D+03 -0.140211D+04
      2  -0.537144D+03 -0.520458D+01  0.139503D+04
      3   0.131588D+04 -0.132108D+04 -0.215567D+02
 Property number 4 -- D-Q polarizability frequency  1    0.085645:
                 1             2             3 
      1   0.351048D+04 -0.174752D+04 -0.787137D+03
      2  -0.167777D+04  0.358175D+04 -0.690748D+03
      3  -0.183271D+04 -0.183423D+04  0.147788D+04
      4   0.272563D+04  0.276931D+04 -0.142461D+02
      5   0.102216D+04  0.382119D+02  0.276179D+04
      6  -0.451322D+01  0.108972D+04  0.280926D+04
 End of G2Drv F.D. properties on file   722 Mask=       B NFrqRd=     1 NDeriv=    81 ND12= 1 LenFil=    2919:
 Frequencies=    0.085645
 Property number 1 -- Alpha(-w,w) derivatives, frequency  1    0.085645:
                 1             2             3             4             5 
      1   0.371510D+01 -0.231565D+00  0.198170D+01 -0.172561D+01 -0.484860D+00
      2  -0.231565D+00 -0.215220D+00  0.860808D+00 -0.484860D+00  0.848506D+00
      3   0.198170D+01  0.860808D+00  0.186326D+01 -0.100410D+01 -0.163456D+00
                 6             7             8             9            10 
      1  -0.100410D+01  0.205308D+01 -0.156776D+00  0.150146D+01 -0.165007D+01
      2  -0.163456D+00 -0.156776D+00  0.166085D+00 -0.169708D+01 -0.233875D-02
      3  -0.170787D+01  0.150146D+01 -0.169708D+01 -0.124750D+01 -0.320952D+00
                11            12            13            14            15 
      1  -0.233875D-02 -0.320952D+00  0.271689D+00 -0.275276D+00 -0.294425D-02
      2  -0.758213D-01 -0.795973D+00 -0.275276D+00 -0.847364D+00  0.269394D+00
      3  -0.795973D+00 -0.116406D+01 -0.294425D-02  0.269394D+00  0.116988D+01
                16            17            18            19            20 
      1  -0.672604D+00  0.768859D-01 -0.162918D+01 -0.159284D+01  0.678190D-01
      2   0.768859D-01  0.350254D+00  0.173464D+01  0.678190D-01  0.270090D-01
      3  -0.162918D+01  0.173464D+01  0.149122D+01 -0.921773D+00 -0.406794D-01
                21            22            23            24            25 
      1  -0.921773D+00  0.162384D+01  0.516257D+00  0.101307D+01 -0.103262D+01
      2  -0.406794D-01  0.516257D+00 -0.785149D-01  0.216938D+00 -0.330195D+00
      3  -0.517191D+00  0.101307D+01  0.216938D+00  0.700085D+00 -0.450491D+00
                26            27            28            29            30 
      1  -0.330195D+00 -0.450491D+00 -0.268290D+01 -0.254312D+01  0.261052D+01
      2  -0.295132D+00  0.572615D-01 -0.254312D+01  0.114406D+01  0.666251D+00
      3   0.572615D-01 -0.233192D+00  0.261052D+01  0.666251D+00 -0.116379D+01
                31            32            33            34            35 
      1  -0.115652D+01  0.111080D+01  0.115049D+00  0.857362D+00  0.995808D+00
      2   0.111080D+01  0.417033D+00  0.377992D+00  0.995808D+00  0.917037D+00
      3   0.115049D+00  0.377992D+00  0.356319D+00 -0.571842D+00  0.117980D+01
                36            37            38            39            40 
      1  -0.571842D+00  0.925265D+00  0.141000D+01 -0.125539D+01  0.562427D+00
      2   0.117980D+01  0.141000D+01 -0.800168D-01 -0.721619D+00  0.257584D+00
      3  -0.250321D+01 -0.125539D+01 -0.721619D+00  0.113237D+01  0.220573D+00
                41            42            43            44            45 
      1   0.257584D+00  0.220573D+00 -0.134026D+01 -0.598501D+00  0.902272D+00
      2   0.892470D+00  0.352364D+00 -0.598501D+00 -0.593427D-01 -0.674701D+00
      3   0.352364D+00 -0.121156D+01  0.902272D+00 -0.674701D+00  0.260717D+01
                46            47            48            49            50 
      1   0.185117D+01  0.147723D+01 -0.145676D+01  0.822152D+00 -0.106323D+01
      2   0.147723D+01 -0.954605D+00 -0.243251D+00 -0.106323D+01 -0.126518D+01
      3  -0.145676D+01 -0.243251D+00 -0.958663D-01 -0.474657D+00 -0.107634D+01
                51            52            53            54            55 
      1  -0.474657D+00  0.707207D+00 -0.561164D+00 -0.103420D+00  0.272316D+00
      2  -0.107634D+01 -0.561164D+00 -0.101189D+01 -0.271398D+00  0.153774D+01
      3   0.532214D+00 -0.103420D+00 -0.271398D+00  0.108322D+00  0.210723D+01
                56            57            58            59            60 
      1   0.153774D+01  0.210723D+01  0.222627D+01  0.367511D+00 -0.685725D+00
      2   0.939028D+00  0.113251D+01  0.367511D+00 -0.549204D+00 -0.660459D+00
      3   0.113251D+01  0.114114D+01 -0.685725D+00 -0.660459D+00 -0.122630D+01
                61            62            63            64            65 
      1   0.241996D+01  0.325862D+00  0.211451D+00 -0.145005D+01 -0.165366D+01
      2   0.325862D+00 -0.203978D+01 -0.234839D+01 -0.165366D+01 -0.759816D+00
      3   0.211451D+00 -0.234839D+01 -0.256431D+01 -0.182207D+01 -0.542885D+00
                66            67            68            69            70 
      1  -0.182207D+01 -0.182499D+01  0.303567D+00 -0.484900D+00 -0.202687D+01
      2  -0.542885D+00  0.303567D+00  0.152599D+01  0.134772D+01 -0.358056D+00
      3  -0.606616D+00 -0.484900D+00  0.134772D+01  0.993804D+00 -0.120943D-01
                71            72            73            74            75 
      1  -0.358056D+00 -0.120943D-01  0.889684D+00  0.124634D+00 -0.324342D+00
      2   0.107470D+01  0.141815D+01  0.124634D+00  0.131259D+00 -0.524663D+00
      3   0.141815D+01  0.168728D+01 -0.324342D+00 -0.524663D+00 -0.629703D+00
                76            77            78            79            80 
      1  -0.869141D+00 -0.356838D+00  0.105584D+01 -0.776891D+00  0.908338D-01
      2  -0.356838D+00 -0.283042D+00 -0.385678D+00  0.908338D-01  0.139645D+01
      3   0.105584D+01 -0.385678D+00  0.256484D+00 -0.211031D+00  0.113881D+01
                81            82            83            84            85 
      1  -0.211031D+00 -0.479401D+00  0.959372D+00 -0.780976D+00  0.845347D+00
      2   0.113881D+01  0.959372D+00 -0.446475D+00 -0.305900D+00  0.110893D+00
      3   0.100341D+01 -0.780976D+00 -0.305900D+00  0.124048D+01 -0.866331D+00
                86            87            88            89            90 
      1   0.110893D+00 -0.866331D+00 -0.112132D+01 -0.229101D+00  0.676280D+00
      2  -0.241327D+01  0.372401D+00 -0.229101D+00  0.955664D+00  0.105952D+01
      3   0.372401D+00  0.139967D+01  0.676280D+00  0.105952D+01  0.177415D+00
                91            92            93            94            95 
      1  -0.283043D+00  0.564759D-01  0.377329D+00 -0.124591D+00 -0.277105D+00
      2   0.564759D-01  0.376210D+00 -0.271369D-01 -0.277105D+00  0.121686D+01
      3   0.377329D+00 -0.271369D-01 -0.149175D+00  0.441532D+00 -0.543980D+00
                96            97            98            99           100 
      1   0.441532D+00  0.684980D+00  0.403563D+00 -0.219732D+00  0.793994D+00
      2  -0.543980D+00  0.403563D+00 -0.372965D+00 -0.120358D+01 -0.101083D+01
      3  -0.101122D+01 -0.219732D+00 -0.120358D+01 -0.433713D+00  0.369730D+00
               101           102           103           104           105 
      1  -0.101083D+01  0.369730D+00 -0.686439D+00  0.183695D+00  0.465736D+00
      2   0.519862D-01  0.387526D+00  0.183695D+00  0.114285D+01  0.782641D-01
      3   0.387526D+00 -0.107357D+01  0.465736D+00  0.782641D-01 -0.402288D+00
               106           107           108           109           110 
      1   0.395648D+00 -0.102176D+00 -0.447217D+00 -0.236342D+00 -0.151597D+01
      2  -0.102176D+00 -0.630183D+00  0.125053D+00 -0.151597D+01  0.407979D+00
      3  -0.447217D+00  0.125053D+00  0.337475D+00 -0.127372D+01  0.528220D+00
               111           112           113           114           115 
      1  -0.127372D+01 -0.234728D+01  0.435241D+00  0.822882D+00 -0.240700D+01
      2   0.528220D+00  0.435241D+00  0.591944D+00  0.313360D+00  0.319622D+00
      3   0.177597D+01  0.822882D+00  0.313360D+00 -0.841852D+00  0.195615D+01
               116           117           118           119           120 
      1   0.319622D+00  0.195615D+01 -0.612442D+00  0.226156D+00  0.549107D+00
      2   0.130706D+00 -0.495025D+00  0.226156D+00 -0.179963D+00 -0.985101D-01
      3  -0.495025D+00 -0.138549D+01  0.549107D+00 -0.985101D-01 -0.423909D+00
               121           122           123           124           125 
      1   0.147923D+01 -0.355851D-01 -0.603876D+00  0.630077D+00  0.905926D-01
      2  -0.355851D-01  0.121551D-01 -0.445349D+00  0.905926D-01  0.380819D-01
      3  -0.603876D+00 -0.445349D+00  0.521284D+00 -0.689896D+00  0.756458D-01
               126           127           128           129           130 
      1  -0.689896D+00  0.101850D+01  0.987844D+00  0.553552D+00  0.564018D+00
      2   0.756458D-01  0.987844D+00 -0.297562D+00 -0.229598D+00 -0.362247D+00
      3   0.831620D+00  0.553552D+00 -0.229598D+00 -0.134854D+01 -0.137948D+00
               131           132           133           134           135 
      1  -0.362247D+00 -0.137948D+00  0.126667D+01  0.248601D+00 -0.809867D+00
      2  -0.290367D+00  0.144684D+00  0.248601D+00 -0.934767D-01  0.477177D-01
      3   0.144684D+00  0.243648D+00 -0.809867D+00  0.477177D-01  0.694780D+00
               136           137           138           139           140 
      1   0.114073D+01 -0.368363D+00  0.567243D+00 -0.125858D+01 -0.594831D+00
      2  -0.368363D+00  0.116409D+00  0.943743D+00 -0.594831D+00  0.454579D+00
      3   0.567243D+00  0.943743D+00  0.477912D+01 -0.840619D+00 -0.402877D-01
               141           142           143           144           145 
      1  -0.840619D+00 -0.331044D+00  0.366203D-01  0.318919D+01 -0.147915D+01
      2  -0.402877D-01  0.366203D-01  0.623797D+00 -0.900140D+00  0.405924D+00
      3  -0.218493D+01  0.318919D+01 -0.900140D+00  0.321153D+01  0.356980D-01
               146           147           148           149           150 
      1   0.405924D+00  0.356980D-01  0.530786D+00  0.245426D+00  0.231618D+00
      2   0.510755D-01 -0.108307D+01  0.245426D+00 -0.359250D+00 -0.823615D+00
      3  -0.108307D+01 -0.305904D+01  0.231618D+00 -0.823615D+00  0.333220D+00
               151           152           153           154           155 
      1   0.688830D+00 -0.193887D+00 -0.220456D+01 -0.276569D-01  0.936845D-01
      2  -0.193887D+00 -0.296459D+00  0.124924D+01  0.936845D-01  0.430044D-01
      3  -0.220456D+01  0.124924D+01 -0.168757D+01 -0.952824D+00 -0.828035D-01
               156           157           158           159           160 
      1  -0.952824D+00  0.669386D+00  0.311207D+00  0.521576D+00  0.816193D-01
      2  -0.828035D-01  0.311207D+00 -0.816220D-01  0.855843D+00 -0.110032D+00
      3  -0.168081D+01  0.521576D+00  0.855843D+00  0.209296D+01 -0.839473D+00
               161           162           163           164           165 
      1  -0.110032D+00 -0.839473D+00  0.196880D+01 -0.117086D+01  0.986200D-01
      2  -0.535119D+00 -0.775321D-01 -0.117086D+01 -0.492889D+00 -0.199965D+00
      3  -0.775321D-01 -0.162898D+01  0.986200D-01 -0.199965D+00 -0.913733D-02
               166           167           168           169           170 
      1  -0.681322D+00 -0.139328D+01  0.102722D+01  0.383353D+00  0.448848D+00
      2  -0.139328D+01  0.162903D+01 -0.360551D-01  0.448848D+00 -0.272937D+01
      3   0.102722D+01 -0.360551D-01 -0.955841D+00 -0.596987D+00  0.354296D+00
               171           172           173           174           175 
      1  -0.596987D+00 -0.197748D+01  0.995703D+00 -0.351738D+00 -0.932805D-01
      2   0.354296D+00  0.995703D+00  0.111217D+01 -0.126688D+00  0.106394D+01
      3  -0.305367D+00 -0.351738D+00 -0.126688D+00 -0.937343D-01 -0.277914D+00
               176           177           178           179           180 
      1   0.106394D+01 -0.277914D+00 -0.102149D+01  0.274077D-01  0.394314D+00
      2  -0.157383D+01 -0.134772D-02  0.274077D-01  0.127127D+01 -0.151035D+00
      3  -0.134772D-02  0.376518D+00  0.394314D+00 -0.151035D+00 -0.165170D+00
               181           182           183           184           185 
      1  -0.760428D-01  0.868054D-01  0.601938D-01  0.824971D+00  0.340967D+00
      2   0.868054D-01 -0.522878D+00  0.305296D+00  0.340967D+00 -0.879216D-01
      3   0.601938D-01  0.305296D+00  0.941492D-01 -0.672782D+00  0.149907D-01
               186           187           188           189           190 
      1  -0.672782D+00  0.484168D+00 -0.493897D+00 -0.174294D-01  0.823934D+00
      2   0.149907D-01 -0.493897D+00  0.153562D+01 -0.149762D+00  0.343959D+00
      3   0.515069D+00 -0.174294D-01 -0.149762D+00  0.361809D+00  0.979899D+00
               191           192           193           194           195 
      1   0.343959D+00  0.979899D+00  0.415148D+00 -0.637532D+00  0.980513D+00
      2  -0.124352D+01  0.506643D+00 -0.637532D+00  0.125968D+00 -0.115262D+01
      3   0.506643D+00  0.131156D+01  0.980513D+00 -0.115262D+01 -0.975532D+00
               196           197           198           199           200 
      1   0.938936D+00  0.720191D+00  0.524589D+00  0.268744D-01 -0.690929D-01
      2   0.720191D+00 -0.163886D+01 -0.817969D+00 -0.690929D-01  0.695943D+00
      3   0.524589D+00 -0.817969D+00 -0.197665D+01  0.245950D+00 -0.538989D+00
               201           202           203           204           205 
      1   0.245950D+00  0.183061D+00  0.566296D+00 -0.527807D+00 -0.314576D+00
      2  -0.538989D+00  0.566296D+00 -0.130500D+01  0.729026D+00 -0.285359D+00
      3  -0.677809D+00 -0.527807D+00  0.729026D+00  0.622800D+00  0.125348D+00
               206           207           208           209           210 
      1  -0.285359D+00  0.125348D+00 -0.811115D+00 -0.307451D+00 -0.101552D+01
      2   0.904200D+00 -0.489501D-01 -0.307451D+00  0.242284D+00  0.112974D+00
      3  -0.489501D-01  0.112951D+01 -0.101552D+01  0.112974D+00 -0.600666D+00
               211           212           213           214           215 
      1  -0.348695D+00 -0.237133D+00 -0.420583D+00 -0.461167D+00 -0.430465D+00
      2  -0.237133D+00  0.378520D+00  0.409178D+00 -0.430465D+00  0.358003D+00
      3  -0.420583D+00  0.409178D+00  0.235887D+00 -0.811642D+00  0.445557D+00
               216           217           218           219           220 
      1  -0.811642D+00 -0.228790D+00  0.742572D+00 -0.692780D+00 -0.126987D+01
      2   0.445557D+00  0.742572D+00  0.132915D+01 -0.285146D+00 -0.177498D+00
      3   0.559571D+00 -0.692780D+00 -0.285146D+00 -0.116229D+01 -0.120673D+01
               221           222           223           224           225 
      1  -0.177498D+00 -0.120673D+01 -0.101872D+00  0.706034D+00 -0.901906D-01
      2  -0.343930D+00 -0.441993D-01  0.706034D+00  0.730579D+00 -0.821441D-01
      3  -0.441993D-01  0.679626D-01 -0.901906D-01 -0.821441D-01  0.522970D+00
