

          * * * * * * * * * * * * * * * * * * * * * *
        *                                         *  
      *           RAMAN OPTICAL ACTIVITY        *    
        *                                         *  
          * * * * * * * * * * * * * * * * * * * * * *
                                                     
                       Petr Bour 1997-2018           


INPUT FILES: C5R.OUT, ROA.OPT, FILE.XYZ, FILE.TTT,F.INP
OUTPUT     : ROA.OUT, ROA.TAB ROA.TTT

          39  atoms, tensors read in from FILE.TTT
  S matrix read from the file F.INP:
 THE GEOMETRY (CHECK IF THE SAME AS THE AB INITIO):
  1  8       6.119618       6.224261      12.337670
  2  1       6.229176       5.258640      12.366999
  3  1       5.973331       6.389754      11.390767
  4  8       4.627730       2.270568      14.462048
  5  1       5.105133       2.382366      13.619155
  6  1       3.714583       2.077889      14.181178
  7  8       1.102420       7.393240      14.289673
  8  1       1.612816       6.569901      14.396660
  9  1       1.489177       7.747451      13.471634
 10  8       3.869834       1.067930      11.389046
 11  1       4.243326       1.495614      10.603405
 12  1       4.564853       0.469765      11.683418
 13  8       1.121094       3.067077      10.876252
 14  1       1.354824       2.590212      10.057173
 15  1       0.220996       3.385065      10.733253
 16  8       5.163570       6.507554       9.380578
 17  1       5.378785       6.211047       8.493000
 18  1       4.431950       5.935214       9.678789
 19  8       2.732270       4.990129      14.011124
 20  1       2.233782       4.149420      13.966471
 21  1       3.563632       4.706808      14.426861
 22  8       6.340188       2.885097      12.014316
 23  1       5.928993       2.743436      11.142056
 24  1       7.138041       2.339202      11.995897
 25  8       2.008696       2.226164      13.694802
 26  1       1.940874       2.195093      12.723555
 27  1       1.318631       1.636164      14.018104
 28  8       2.458772       7.800198      11.228240
 29  1       1.508251       7.784201      11.041360
 30  1       2.737667       6.891675      11.007048
 31  8       2.406862       1.879176       8.173982
 32  1       2.144353       2.021474       7.255981
 33  1       3.369853       1.816444       8.147384
 34  8       3.247784       5.083410      10.764786
 35  1       3.459978       5.019504      11.713936
 36  1       2.473082       4.490033      10.659072
 37  8       5.375776       2.456418       9.379615
 38  1       5.258348       3.366209       9.070109
 39  1       6.115459       2.113280       8.857542
 FACTOR FOR S-MATRIX:         0.0234280000
  S.MAT written on the disk
 TENSORS HAVE BEEN TRANSFORMED TO Q COORDINATES
 ALPHA DERIVATIVES LISTED:
    1 MODE; Trace:      0.00000000
     0.00000000     0.00000000     0.00000000
     0.00000000     0.00000000     0.00000000
     0.00000000     0.00000000     0.00000000


    2 MODE; Trace:      0.00000000
     0.00000000     0.00000000     0.00000000
     0.00000000     0.00000000     0.00000000
     0.00000000     0.00000000     0.00000000


    3 MODE; Trace:      0.00000000
     0.00000000     0.00000000     0.00000000
     0.00000000     0.00000000     0.00000000
     0.00000000     0.00000000     0.00000000


    4 MODE; Trace:      0.00000000
     0.00000000     0.00000000     0.00000000
     0.00000000     0.00000000     0.00000000
     0.00000000     0.00000000     0.00000000


    5 MODE; Trace:      0.00000000
     0.00000000     0.00000000     0.00000000
     0.00000000     0.00000000     0.00000000
     0.00000000     0.00000000     0.00000000


    6 MODE; Trace:      0.00000000
     0.00000000     0.00000000     0.00000000
     0.00000000     0.00000000     0.00000000
     0.00000000     0.00000000     0.00000000


    7 MODE; Trace:      0.00000000
     0.00000000     0.00000000     0.00000000
     0.00000000     0.00000000     0.00000000
     0.00000000     0.00000000     0.00000000


    8 MODE; Trace:      0.00000000
     0.00000000     0.00000000     0.00000000
     0.00000000     0.00000000     0.00000000
     0.00000000     0.00000000     0.00000000


    9 MODE; Trace:      0.00000000
     0.00000000     0.00000000     0.00000000
     0.00000000     0.00000000     0.00000000
     0.00000000     0.00000000     0.00000000


   10 MODE; Trace:      0.00000000
     0.00000000     0.00000000     0.00000000
     0.00000000     0.00000000     0.00000000
     0.00000000     0.00000000     0.00000000


   11 MODE; Trace:      0.00000000
     0.00000000     0.00000000     0.00000000
     0.00000000     0.00000000     0.00000000
     0.00000000     0.00000000     0.00000000


   12 MODE; Trace:      0.00000000
     0.00000000     0.00000000     0.00000000
     0.00000000     0.00000000     0.00000000
     0.00000000     0.00000000     0.00000000


   13 MODE; Trace:      0.00000000
     0.00000000     0.00000000     0.00000000
     0.00000000     0.00000000     0.00000000
     0.00000000     0.00000000     0.00000000


   14 MODE; Trace:      0.00000000
     0.00000000     0.00000000     0.00000000
     0.00000000     0.00000000     0.00000000
     0.00000000     0.00000000     0.00000000


   15 MODE; Trace:      0.00000000
     0.00000000     0.00000000     0.00000000
     0.00000000     0.00000000     0.00000000
     0.00000000     0.00000000     0.00000000


   16 MODE; Trace:      0.00000000
     0.00000000     0.00000000     0.00000000
     0.00000000     0.00000000     0.00000000
     0.00000000     0.00000000     0.00000000


   17 MODE; Trace:     -0.24046797
    -0.02377847     0.02282206     0.02885475
     0.02282206    -0.03116519    -0.04348237
     0.02885475    -0.04348237    -0.18552431


   18 MODE; Trace:      0.15047355
     0.00964031    -0.07565697     0.05125328
    -0.07565697     0.07020125    -0.01589410
     0.05125328    -0.01589410     0.07063199


   19 MODE; Trace:      0.08192415
     0.13538518    -0.04195244     0.01195409
    -0.04195244     0.04412478     0.00929302
     0.01195409     0.00929302    -0.09758581


   20 MODE; Trace:     -0.23776768
    -0.12795009    -0.07760310     0.04745804
    -0.07760310    -0.10170718     0.03379918
     0.04745804     0.03379918    -0.00811041


   21 MODE; Trace:     -0.20301174
    -0.17156241     0.03892320    -0.03938964
     0.03892320    -0.02819866     0.02528417
    -0.03938964     0.02528417    -0.00325067


   22 MODE; Trace:      0.00080984
    -0.06629134     0.01622533     0.04986661
     0.01622533     0.09418973    -0.05223687
     0.04986661    -0.05223687    -0.02708854


   23 MODE; Trace:      0.20610322
     0.14261891    -0.08017782    -0.01681155
    -0.08017782     0.08550079    -0.00266484
    -0.01681155    -0.00266484    -0.02201648


   24 MODE; Trace:     -0.16966378
    -0.17114634     0.00247255    -0.03854627
     0.00247255     0.02037072     0.00618985
    -0.03854627     0.00618985    -0.01888816


   25 MODE; Trace:      0.37757143
     0.18870290     0.00456180     0.06323827
     0.00456180     0.01946521     0.00035190
     0.06323827     0.00035190     0.16940332


   26 MODE; Trace:      0.34959758
     0.11878961    -0.03707599    -0.03671382
    -0.03707599     0.14328370     0.00635972
    -0.03671382     0.00635972     0.08752427


   27 MODE; Trace:      0.24658170
     0.12401550    -0.06957383     0.03550389
    -0.06957383     0.05280901    -0.02308309
     0.03550389    -0.02308309     0.06975718


   28 MODE; Trace:     -0.02758537
     0.01026726     0.00900111     0.03860875
     0.00900111    -0.18181187    -0.02102991
     0.03860875    -0.02102991     0.14395924


   29 MODE; Trace:     -0.18386347
    -0.01885823    -0.06905922     0.08682358
    -0.06905922     0.02873783     0.04275311
     0.08682358     0.04275311    -0.19374307


   30 MODE; Trace:     -0.47013940
    -0.12425575    -0.01046053     0.06936444
    -0.01046053    -0.16593257     0.07106155
     0.06936444     0.07106155    -0.17995108


   31 MODE; Trace:      0.13119404
     0.00666758    -0.03409487     0.00928838
    -0.03409487    -0.03582527    -0.01023574
     0.00928838    -0.01023574     0.16035173


   32 MODE; Trace:     -0.27625694
    -0.00976379     0.00319121     0.02749866
     0.00319121    -0.01303987     0.04697856
     0.02749866     0.04697856    -0.25345328


   33 MODE; Trace:     -0.37043669
    -0.04133007     0.01452681    -0.03190322
     0.01452681    -0.15252059     0.01743371
    -0.03190322     0.01743371    -0.17658603


   34 MODE; Trace:      0.00565410
     0.03443669    -0.00161197     0.16006333
    -0.00161197     0.03417456     0.01923771
     0.16006333     0.01923771    -0.06295715


   35 MODE; Trace:     -0.47298042
    -0.10926886     0.09300542     0.03121764
     0.09300542    -0.14987073    -0.07030960
     0.03121764    -0.07030960    -0.21384083


   36 MODE; Trace:     -0.17261505
    -0.05976876     0.10707565     0.01326254
     0.10707565    -0.15424755     0.02959450
     0.01326254     0.02959450     0.04140126


   37 MODE; Trace:     -0.39189131
    -0.08721327     0.01840719     0.05076804
     0.01840719    -0.18015548     0.03246639
     0.05076804     0.03246639    -0.12452256


   38 MODE; Trace:     -0.19669227
     0.00873270     0.00473329    -0.03203475
     0.00473329    -0.01776386    -0.02837012
    -0.03203475    -0.02837012    -0.18766111


   39 MODE; Trace:     -0.88669358
    -0.33290976    -0.01413900    -0.02003515
    -0.01413900    -0.25764388    -0.00414626
    -0.02003515    -0.00414626    -0.29613993


   40 MODE; Trace:      0.02142766
     0.07595118     0.13031294    -0.04011154
     0.13031294    -0.10700397    -0.07251128
    -0.04011154    -0.07251128     0.05248045


   41 MODE; Trace:     -0.18352176
     0.05326259    -0.01690996     0.01931757
    -0.01690996    -0.23111661    -0.01711465
     0.01931757    -0.01711465    -0.00566774


   42 MODE; Trace:     -0.63372651
    -0.24252753    -0.12404098     0.02449926
    -0.12404098    -0.26703135    -0.01386431
     0.02449926    -0.01386431    -0.12416763


   43 MODE; Trace:     -0.05529618
    -0.00327546     0.01379572     0.00560816
     0.01379572    -0.03949932    -0.01534929
     0.00560816    -0.01534929    -0.01252141


   44 MODE; Trace:     -0.02126596
     0.01297232    -0.00060948    -0.00666809
    -0.00060948    -0.01085005    -0.00657636
    -0.00666809    -0.00657636    -0.02338824


   45 MODE; Trace:      0.00614798
     0.01870868    -0.00958961     0.00005775
    -0.00958961    -0.00623678     0.01252696
     0.00005775     0.01252696    -0.00632392


   46 MODE; Trace:     -0.02019699
    -0.00695438    -0.00429601    -0.02029626
    -0.00429601    -0.00726183    -0.01929676
    -0.02029626    -0.01929676    -0.00598078


   47 MODE; Trace:     -0.03815298
    -0.01900013    -0.01152149     0.00814713
    -0.01152149    -0.00415286    -0.00857037
     0.00814713    -0.00857037    -0.01499999


   48 MODE; Trace:     -0.02619392
    -0.01874374    -0.00742705     0.02760763
    -0.00742705     0.01790281    -0.01858467
     0.02760763    -0.01858467    -0.02535299


   49 MODE; Trace:      0.02035577
    -0.01764231     0.01011188    -0.00150368
     0.01011188     0.02515871     0.00148474
    -0.00150368     0.00148474     0.01283937


   50 MODE; Trace:     -0.01765918
     0.00807656     0.00851493    -0.00298391
     0.00851493    -0.00898182    -0.00039138
    -0.00298391    -0.00039138    -0.01675392


   51 MODE; Trace:     -0.00478546
     0.00404453     0.00519458    -0.02057523
     0.00519458    -0.01174124    -0.00990582
    -0.02057523    -0.00990582     0.00291124


   52 MODE; Trace:     -0.02636442
    -0.01189713     0.01220422     0.00349919
     0.01220422    -0.01915756    -0.02781023
     0.00349919    -0.02781023     0.00469028


   53 MODE; Trace:     -0.01560874
    -0.01309493    -0.00055730    -0.00385598
    -0.00055730    -0.00571030    -0.00866691
    -0.00385598    -0.00866691     0.00319648


   54 MODE; Trace:     -0.01427652
    -0.01416294    -0.01878032    -0.03181385
    -0.01878032     0.00639478    -0.01186927
    -0.03181385    -0.01186927    -0.00650836


   55 MODE; Trace:      0.00218453
     0.02596447     0.00059520     0.02052922
     0.00059520    -0.01005890    -0.00157893
     0.02052922    -0.00157893    -0.01372104


   56 MODE; Trace:     -0.01683329
    -0.00718049    -0.00166716     0.00690412
    -0.00166716    -0.00930805     0.01082061
     0.00690412     0.01082061    -0.00034475


   57 MODE; Trace:      0.01086117
     0.00391441    -0.00142335    -0.00926546
    -0.00142335    -0.00562332    -0.00559035
    -0.00926546    -0.00559035     0.01257008


   58 MODE; Trace:      0.00715937
     0.01071624    -0.00823066     0.00460685
    -0.00823066     0.00524848     0.01352774
     0.00460685     0.01352774    -0.00880536


   59 MODE; Trace:     -0.00472887
     0.00995097     0.00783176     0.00203986
     0.00783176    -0.02089210     0.01838059
     0.00203986     0.01838059     0.00621226


   60 MODE; Trace:     -0.01105962
     0.00302243     0.00335983    -0.00091282
     0.00335983    -0.00607083     0.01010904
    -0.00091282     0.01010904    -0.00801121


   61 MODE; Trace:     -0.00108505
    -0.01273591    -0.00501885     0.00686881
    -0.00501885     0.00590987    -0.00077840
     0.00686881    -0.00077840     0.00574099


   62 MODE; Trace:      0.00859205
    -0.01472943     0.01488817     0.00130778
     0.01488817     0.01568751     0.01100473
     0.00130778     0.01100473     0.00763398


   63 MODE; Trace:      0.00387118
    -0.00811493    -0.01166099    -0.00401106
    -0.01166099     0.00889275     0.01007796
    -0.00401106     0.01007796     0.00309337


   64 MODE; Trace:      0.00037499
    -0.00909265    -0.00923422    -0.00849761
    -0.00923422    -0.00497098     0.00380276
    -0.00849761     0.00380276     0.01443862


   65 MODE; Trace:     -0.00883435
     0.00736289    -0.00100321     0.00393600
    -0.00100321    -0.00815708    -0.00412560
     0.00393600    -0.00412560    -0.00804016


   66 MODE; Trace:     -0.00150223
     0.00608036    -0.00366279    -0.00947400
    -0.00366279    -0.00478519    -0.00084354
    -0.00947400    -0.00084354    -0.00279739


   67 MODE; Trace:     -0.00548346
    -0.00048835    -0.00988960    -0.02542690
    -0.00988960     0.00062922     0.01431418
    -0.02542690     0.01431418    -0.00562433


   68 MODE; Trace:      0.00222369
     0.00366554     0.01199500     0.00066915
     0.01199500     0.01074360    -0.00234559
     0.00066915    -0.00234559    -0.01218545


   69 MODE; Trace:     -0.00276621
     0.00080596    -0.00975330     0.00967211
    -0.00975330    -0.00735740    -0.00276205
     0.00967211    -0.00276205     0.00378524


   70 MODE; Trace:     -0.00325416
    -0.01022593     0.00192995     0.00314729
     0.00192995     0.00196006    -0.00306260
     0.00314729    -0.00306260     0.00501171


   71 MODE; Trace:      0.00068531
    -0.00822044    -0.00518251    -0.00698498
    -0.00518251    -0.00524802     0.00045352
    -0.00698498     0.00045352     0.01415377


   72 MODE; Trace:     -0.00977098
     0.00910791     0.00393427    -0.00685565
     0.00393427     0.00095184     0.00506611
    -0.00685565     0.00506611    -0.01983073


   73 MODE; Trace:      0.00588206
    -0.00066761     0.00541157     0.00330025
     0.00541157     0.00381789     0.00126732
     0.00330025     0.00126732     0.00273178


   74 MODE; Trace:     -0.00226054
    -0.00472443     0.00514690    -0.00762942
     0.00514690     0.00709787    -0.00309036
    -0.00762942    -0.00309036    -0.00463398


   75 MODE; Trace:      0.00313207
     0.00894601     0.00549844     0.00427219
     0.00549844     0.00047764     0.00656267
     0.00427219     0.00656267    -0.00629158


   76 MODE; Trace:      0.00532773
     0.00416929    -0.00827852     0.00388434
    -0.00827852     0.00349025    -0.00430434
     0.00388434    -0.00430434    -0.00233180


   77 MODE; Trace:     -0.00344737
     0.00236754     0.00819643    -0.00058297
     0.00819643    -0.01978111     0.00226345
    -0.00058297     0.00226345     0.01396619


   78 MODE; Trace:      0.00624670
    -0.00389408    -0.00752735     0.00505293
    -0.00752735    -0.00055531     0.00017548
     0.00505293     0.00017548     0.01069610


   79 MODE; Trace:     -0.00915118
    -0.00213284     0.01324483    -0.00039812
     0.01324483    -0.00298538     0.00201463
    -0.00039812     0.00201463    -0.00403296


   80 MODE; Trace:      0.01232233
     0.00032247     0.00224619    -0.00935201
     0.00224619    -0.01407185    -0.00371659
    -0.00935201    -0.00371659     0.02607170


   81 MODE; Trace:      0.00559560
     0.00913298    -0.00056767    -0.00666413
    -0.00056767    -0.00143966     0.00270090
    -0.00666413     0.00270090    -0.00209772


   82 MODE; Trace:     -0.00255630
    -0.00522004    -0.00065750     0.00443190
    -0.00065750     0.00046000     0.00369490
     0.00443190     0.00369490     0.00220374


   83 MODE; Trace:     -0.00900405
     0.00420003    -0.00608738    -0.00904464
    -0.00608738     0.00364566     0.00343103
    -0.00904464     0.00343103    -0.01684974


   84 MODE; Trace:     -0.00674436
    -0.01386875    -0.00169158     0.00528450
    -0.00169158     0.00117939     0.00493397
     0.00528450     0.00493397     0.00594500


   85 MODE; Trace:     -0.00262962
     0.00043734    -0.00071934     0.00637858
    -0.00071934    -0.00568036     0.00527049
     0.00637858     0.00527049     0.00261340


   86 MODE; Trace:      0.00733320
     0.00756801    -0.00262137    -0.00150969
    -0.00262137     0.00895112    -0.00079330
    -0.00150969    -0.00079330    -0.00918593


   87 MODE; Trace:      0.01014197
    -0.00024135     0.00672057     0.00468735
     0.00672057     0.00242950     0.00344323
     0.00468735     0.00344323     0.00795382


   88 MODE; Trace:      0.00484377
    -0.00439097     0.00428598     0.00087704
     0.00428598     0.00098624    -0.00238964
     0.00087704    -0.00238964     0.00824849


   89 MODE; Trace:      0.00427927
    -0.00293257     0.00191286    -0.00030819
     0.00191286     0.00285396     0.00003660
    -0.00030819     0.00003660     0.00435788


   90 MODE; Trace:     -0.00170816
    -0.00356021    -0.00062165     0.00208849
    -0.00062165     0.00394527     0.00314214
     0.00208849     0.00314214    -0.00209322


   91 MODE; Trace:      0.00653613
    -0.00034717    -0.00032730    -0.00158812
    -0.00032730     0.00659430     0.00397032
    -0.00158812     0.00397032     0.00028900


   92 MODE; Trace:      0.00301778
     0.00478625     0.00223409    -0.00553322
     0.00223409    -0.00232801     0.00546364
    -0.00553322     0.00546364     0.00055954


   93 MODE; Trace:      0.00698138
    -0.00070007     0.00138343    -0.00072855
     0.00138343     0.00498064    -0.00134110
    -0.00072855    -0.00134110     0.00270081


   94 MODE; Trace:     -0.00039170
    -0.00316696     0.00311984    -0.00248457
     0.00311984    -0.00300281     0.00033520
    -0.00248457     0.00033520     0.00577807


   95 MODE; Trace:      0.01005715
     0.00399175    -0.00079559    -0.00023415
    -0.00079559     0.00199871     0.00873014
    -0.00023415     0.00873014     0.00406669


   96 MODE; Trace:      0.00033543
     0.00570725     0.00130146    -0.00049190
     0.00130146    -0.00432147     0.00039946
    -0.00049190     0.00039946    -0.00105035


   97 MODE; Trace:      0.00074829
    -0.00395751    -0.00357127     0.00067097
    -0.00357127     0.00133342     0.00370525
     0.00067097     0.00370525     0.00337237


   98 MODE; Trace:      0.02332756
     0.00231834    -0.00521676    -0.00379591
    -0.00521676     0.00640253    -0.00148105
    -0.00379591    -0.00148105     0.01460669


   99 MODE; Trace:      0.00246217
    -0.00046137    -0.00155844     0.00289862
    -0.00155844     0.00033872     0.00043330
     0.00289862     0.00043330     0.00258482


  100 MODE; Trace:     -0.00126413
    -0.00177781    -0.00241967    -0.00134026
    -0.00241967    -0.00149900     0.00118202
    -0.00134026     0.00118202     0.00201269


  101 MODE; Trace:     -0.00621156
     0.00097201     0.00003390     0.00013670
     0.00003390    -0.00833437    -0.00134900
     0.00013670    -0.00134900     0.00115079


  102 MODE; Trace:      0.00067876
     0.00006126     0.00166831    -0.00594164
     0.00166831    -0.00003093    -0.00038295
    -0.00594164    -0.00038295     0.00064842


  103 MODE; Trace:      0.00408231
     0.00002603    -0.00010862    -0.00315266
    -0.00010862     0.00214439     0.00221934
    -0.00315266     0.00221934     0.00191189


  104 MODE; Trace:     -0.00572776
    -0.00222317     0.00049943     0.00035489
     0.00049943    -0.00102984     0.00102874
     0.00035489     0.00102874    -0.00247475


  105 MODE; Trace:     -0.00125936
    -0.00330567     0.00014229     0.00256499
     0.00014229    -0.00225322     0.00044856
     0.00256499     0.00044856     0.00429953


  106 MODE; Trace:     -0.00552267
     0.00243136    -0.00015192     0.00154849
    -0.00015192    -0.00278572     0.00250880
     0.00154849     0.00250880    -0.00516831


  107 MODE; Trace:      0.00335634
     0.00060535     0.00004723     0.00451325
     0.00004723     0.00064895    -0.00148335
     0.00451325    -0.00148335     0.00210204


  108 MODE; Trace:     -0.00166051
     0.00402072     0.00111677    -0.00072376
     0.00111677    -0.00312605     0.00339532
    -0.00072376     0.00339532    -0.00255518


  109 MODE; Trace:      0.00464206
     0.00329662     0.00049454    -0.00280278
     0.00049454    -0.00188069     0.00225632
    -0.00280278     0.00225632     0.00322614


  110 MODE; Trace:     -0.00313661
     0.00069090     0.00100272     0.00029657
     0.00100272    -0.00052319    -0.00624860
     0.00029657    -0.00624860    -0.00330432


  111 MODE; Trace:     -0.00355689
    -0.00121166    -0.00104395    -0.00061284
    -0.00104395     0.00075921    -0.00228974
    -0.00061284    -0.00228974    -0.00310444


  112 MODE; Trace:      0.00357777
     0.00250766     0.00013146    -0.00091081
     0.00013146    -0.00016444    -0.00312394
    -0.00091081    -0.00312394     0.00123455


  113 MODE; Trace:      0.00110788
     0.00047597    -0.00137210     0.00246910
    -0.00137210    -0.00087013     0.00389727
     0.00246910     0.00389727     0.00150205


  114 MODE; Trace:     -0.00320423
    -0.00250924     0.00438370     0.00071864
     0.00438370     0.00318629     0.00347626
     0.00071864     0.00347626    -0.00388128


  115 MODE; Trace:     -0.00620562
     0.00046672    -0.00142484     0.00055695
    -0.00142484    -0.00298702    -0.00622890
     0.00055695    -0.00622890    -0.00368532


  116 MODE; Trace:     -0.00018905
    -0.00423967     0.00204146     0.00037982
     0.00204146     0.00259817     0.00023761
     0.00037982     0.00023761     0.00145244


  117 MODE; Trace:     -0.00400074
    -0.00086697     0.00130696     0.00245749
     0.00130696    -0.00027099     0.00068550
     0.00245749     0.00068550    -0.00286278


            G (magn index -->)
    1 MODE; Trace:      0.00000000
     0.00000000     0.00000000     0.00000000
     0.00000000     0.00000000     0.00000000
     0.00000000     0.00000000     0.00000000


    2 MODE; Trace:      0.00000000
     0.00000000     0.00000000     0.00000000
     0.00000000     0.00000000     0.00000000
     0.00000000     0.00000000     0.00000000


    3 MODE; Trace:      0.00000000
     0.00000000     0.00000000     0.00000000
     0.00000000     0.00000000     0.00000000
     0.00000000     0.00000000     0.00000000


    4 MODE; Trace:      0.00000000
     0.00000000     0.00000000     0.00000000
     0.00000000     0.00000000     0.00000000
     0.00000000     0.00000000     0.00000000


    5 MODE; Trace:      0.00000000
     0.00000000     0.00000000     0.00000000
     0.00000000     0.00000000     0.00000000
     0.00000000     0.00000000     0.00000000


    6 MODE; Trace:      0.00000000
     0.00000000     0.00000000     0.00000000
     0.00000000     0.00000000     0.00000000
     0.00000000     0.00000000     0.00000000


    7 MODE; Trace:      0.00000000
     0.00000000     0.00000000     0.00000000
     0.00000000     0.00000000     0.00000000
     0.00000000     0.00000000     0.00000000


    8 MODE; Trace:      0.00000000
     0.00000000     0.00000000     0.00000000
     0.00000000     0.00000000     0.00000000
     0.00000000     0.00000000     0.00000000


    9 MODE; Trace:      0.00000000
     0.00000000     0.00000000     0.00000000
     0.00000000     0.00000000     0.00000000
     0.00000000     0.00000000     0.00000000


   10 MODE; Trace:      0.00000000
     0.00000000     0.00000000     0.00000000
     0.00000000     0.00000000     0.00000000
     0.00000000     0.00000000     0.00000000


   11 MODE; Trace:      0.00000000
     0.00000000     0.00000000     0.00000000
     0.00000000     0.00000000     0.00000000
     0.00000000     0.00000000     0.00000000


   12 MODE; Trace:      0.00000000
     0.00000000     0.00000000     0.00000000
     0.00000000     0.00000000     0.00000000
     0.00000000     0.00000000     0.00000000


   13 MODE; Trace:      0.00000000
     0.00000000     0.00000000     0.00000000
     0.00000000     0.00000000     0.00000000
     0.00000000     0.00000000     0.00000000


   14 MODE; Trace:      0.00000000
     0.00000000     0.00000000     0.00000000
     0.00000000     0.00000000     0.00000000
     0.00000000     0.00000000     0.00000000


   15 MODE; Trace:      0.00000000
     0.00000000     0.00000000     0.00000000
     0.00000000     0.00000000     0.00000000
     0.00000000     0.00000000     0.00000000


   16 MODE; Trace:      0.00000000
     0.00000000     0.00000000     0.00000000
     0.00000000     0.00000000     0.00000000
     0.00000000     0.00000000     0.00000000


   17 MODE; Trace:      0.00264254
    -0.00307879     0.32109323    -0.25091630
     0.05104277    -0.39735456     0.30435286
     0.78751859    -1.19125946     0.40307589


   18 MODE; Trace:      0.00394279
    -0.83108504    -0.17121375     0.22470077
     0.76758073     0.75264226    -0.35832999
    -0.23915541    -0.35870047     0.08238557


   19 MODE; Trace:     -0.00170156
    -0.46023164    -1.09313141     0.28871108
     0.50760880     0.50194891    -0.24750868
     0.24487741    -0.33659612    -0.04341883


   20 MODE; Trace:      0.00318296
    -1.10454392     1.75827192    -0.09790267
    -1.40469509     1.07631067    -0.00838517
     0.45394888    -0.62242229     0.03141621


   21 MODE; Trace:      0.00196707
     0.51629733     1.69647911    -0.54051287
    -0.33954577    -0.39919960     0.09214093
     0.27725777     0.42511972    -0.11513066


   22 MODE; Trace:      0.00775058
     0.03758713     0.83244136    -0.20298285
     0.89392640    -0.41771970    -0.44270741
    -0.42567677    -0.60238558     0.38788314


   23 MODE; Trace:     -0.00035069
    -0.87421703    -1.72290681     0.86912540
     0.95181334     0.88177192    -0.79951158
     0.02114088     0.10651098    -0.00790557


   24 MODE; Trace:     -0.00119980
     0.32540966     1.71855032    -1.31830711
     0.16217242    -0.02537397    -0.06712572
     0.19583704     0.42965684    -0.30123549


   25 MODE; Trace:     -0.00612122
    -0.09062806    -1.21195484     0.24920685
     0.11355246    -0.01278485     0.00434282
    -0.27184363    -0.10524717     0.09729169


   26 MODE; Trace:      0.00217485
    -0.21120608    -1.07625302     0.45544423
     1.10499581     0.32108886    -0.84343657
    -0.16106667     0.75182971    -0.10770793


   27 MODE; Trace:     -0.00256744
    -1.12411401    -1.59748940     0.85752961
     0.87988824     0.91686505    -0.55397228
    -0.67634611    -0.32389677     0.20468152


   28 MODE; Trace:      0.00361851
    -0.11852910     0.12596030    -0.01047479
    -2.04150749    -0.23032778     1.16785490
    -1.08107770     0.41304766     0.35247538


   29 MODE; Trace:     -0.00161086
    -1.57286025     0.31611720    -0.08906995
     0.05386383     0.96068169    -0.51116272
     2.08988392    -1.34429976     0.61056771


   30 MODE; Trace:     -0.00342431
    -0.19014158     1.56727941    -0.10712163
    -1.74489143     0.35405692     0.76462043
     0.85027420    -1.41583258    -0.16733965


   31 MODE; Trace:      0.00582139
    -0.44133901    -0.10258107     0.09031189
    -0.24542044     0.36670899    -0.03663317
    -0.98807977     0.40063557     0.08045141


   32 MODE; Trace:     -0.00375137
    -0.01976396     0.25686530     0.02553919
    -0.30150309     0.07804695     0.01506178
     1.15491770    -1.00462644    -0.06203437


   33 MODE; Trace:      0.00210737
     0.44512627     0.31266045    -0.33068648
    -1.98544747    -0.03110923     1.07506058
     1.33962625    -0.80637807    -0.41190968


   34 MODE; Trace:      0.00100632
    -0.39539973     0.26720304     0.13231957
     0.39641455     0.19977895    -0.26568456
     0.29411607    -2.27305389     0.19662710


   35 MODE; Trace:      0.00284175
     0.95971332     1.08956897    -0.61207872
    -1.52048161    -1.19301617     0.62665729
     0.00589193    -0.41946908     0.23614460


   36 MODE; Trace:     -0.00306725
     1.43068090     0.96054870    -0.76750433
    -2.33521752    -1.54048939     0.89639977
     0.56716665    -0.11442933     0.10674124


   37 MODE; Trace:      0.00399417
    -0.11472949     0.93018339    -0.72115888
    -1.75591477    -0.09773589     0.82358043
     1.22194495    -1.06871142     0.21645954


   38 MODE; Trace:     -0.00619268
     0.15749748    -0.51688531    -0.05076745
    -0.04883845    -0.21471250     0.34642629
     0.21340908    -1.13870908     0.05102234


   39 MODE; Trace:     -0.00190562
    -0.17982525     4.41704508    -0.82166998
    -3.40556508     0.19742748     0.77515141
     0.77610630    -0.94158051    -0.01950784


   40 MODE; Trace:      0.00097754
     1.44925165    -0.75856367    -0.10531703
    -0.81731750    -1.50864484     0.85106783
    -0.91608649     0.74284411     0.06037073


   41 MODE; Trace:      0.00052294
    -0.25263665    -0.70442520    -0.21747114
    -3.04048703     0.18791651     0.30128264
     0.00304467    -0.07813416     0.06524308


   42 MODE; Trace:      0.00143051
    -1.33019625     2.43982379    -0.89509805
    -2.58463714     1.21782126     0.17513837
     0.53389079    -0.63041119     0.11380550


   43 MODE; Trace:      0.00124209
     0.13891588     0.06836022    -0.09844688
    -0.43574385    -0.20674619     0.19352955
    -0.09399733    -0.09446509     0.06907240


   44 MODE; Trace:      0.00015416
     0.02260309    -0.26021665     0.02364421
    -0.08824043    -0.01737476    -0.00654484
     0.00540667     0.03953326    -0.00507416


   45 MODE; Trace:      0.00121590
    -0.08136978    -0.14201436     0.14298838
    -0.07952686     0.18565014    -0.11350911
     0.22332045    -0.00149855    -0.10306446


   46 MODE; Trace:      0.00186478
     0.06894378    -0.00984241     0.00291117
     0.11604694    -0.03008280    -0.06493346
    -0.13829568     0.20521172    -0.03699620


   47 MODE; Trace:     -0.00171948
    -0.21175018     0.27041906    -0.06306964
     0.02831373     0.08242372    -0.05372734
     0.00603430    -0.13102514     0.12760698


   48 MODE; Trace:     -0.00031874
    -0.18322075     0.34828840    -0.06778805
     0.35415276     0.03329279    -0.01677120
    -0.14073754    -0.46702205     0.14960921


   49 MODE; Trace:     -0.00234289
     0.04864174     0.18209823    -0.18167114
     0.37023721    -0.03947872    -0.05153736
     0.02202476     0.11963414    -0.01150592


   50 MODE; Trace:      0.00237054
     0.04808722    -0.10478403    -0.02214940
    -0.09297224    -0.11004784     0.05532782
     0.01165377    -0.11855670     0.06433116


   51 MODE; Trace:      0.00190618
     0.14833931    -0.13421179    -0.03879716
    -0.05286935    -0.13127678     0.11475371
    -0.09105420     0.18651851    -0.01515635


   52 MODE; Trace:     -0.00048217
     0.12965412     0.10775197    -0.05376733
    -0.02143206    -0.24045723     0.17198213
    -0.33183295    -0.02772518     0.11032094


   53 MODE; Trace:     -0.00096007
    -0.05595122     0.15959502    -0.05401498
    -0.06770369     0.02004474    -0.02083235
    -0.09978418     0.11866110     0.03494642


   54 MODE; Trace:      0.00202227
    -0.14236881     0.10525643     0.00894200
     0.16269199     0.18332435    -0.07192076
    -0.16291917     0.36368513    -0.03893326


   55 MODE; Trace:      0.00171791
    -0.02204713    -0.17968351     0.02182931
    -0.06158315    -0.01551616     0.02903445
     0.02922979    -0.19310382     0.03928121


   56 MODE; Trace:      0.00389491
    -0.04660142     0.07681632    -0.00345043
    -0.11447283     0.04926196     0.05433165
     0.10017997    -0.06630830     0.00123437


   57 MODE; Trace:     -0.00293606
    -0.00760670    -0.09337850    -0.01129235
    -0.03130021    -0.01833164     0.04620093
    -0.04242947     0.14562058     0.02300228


   58 MODE; Trace:      0.00258429
    -0.11297253    -0.07290333     0.05633845
     0.03246376     0.16936855    -0.04655853
     0.14109623    -0.07707042    -0.05381174


   59 MODE; Trace:     -0.00271097
     0.04799390    -0.09779684     0.00566380
    -0.28954960    -0.02851010     0.06097711
     0.13778842     0.00269853    -0.02219477


   60 MODE; Trace:     -0.00258142
     0.05092091    -0.05304946     0.05521635
    -0.07803010    -0.01057232     0.01483030
     0.17125992    -0.01814905    -0.04293001


   61 MODE; Trace:     -0.00027167
    -0.08974010     0.18660301    -0.03600166
     0.05951752     0.04978923    -0.06106937
    -0.02769048    -0.06753283     0.03967920


   62 MODE; Trace:     -0.00054924
     0.16788214     0.17277810    -0.10369536
     0.16712360    -0.15764169     0.02028575
     0.08641419     0.02416426    -0.01078970


   63 MODE; Trace:     -0.00084321
    -0.11813054     0.07485424     0.04387155
     0.10186611     0.19793910    -0.04054422
     0.08646606     0.00268217    -0.08065176


   64 MODE; Trace:      0.00088553
    -0.06941893     0.10048887    -0.01302499
    -0.06084240     0.09687184    -0.01623852
    -0.02751196     0.10821379    -0.02656738


   65 MODE; Trace:      0.00348299
    -0.04940392    -0.03316294     0.00239419
    -0.05061375    -0.00684518     0.00158514
     0.00037196    -0.03778344     0.05973209


   66 MODE; Trace:     -0.00146308
    -0.01520086    -0.07994802     0.02898620
    -0.05354590     0.02238150     0.03636522
     0.00861945     0.17526404    -0.00864372


   67 MODE; Trace:      0.00639101
    -0.02776491    -0.11974871     0.04527689
    -0.03721187     0.16359130    -0.02057038
     0.12927693     0.26127002    -0.12943538


   68 MODE; Trace:     -0.00396436
     0.11007488    -0.04440586    -0.00335971
     0.12887020    -0.14252576     0.03817126
    -0.00554742    -0.02348935     0.02848652


   69 MODE; Trace:     -0.00153154
    -0.13805856     0.02469334     0.03806066
    -0.06760505     0.11748026    -0.02548213
    -0.03641147    -0.09351598     0.01904676


   70 MODE; Trace:     -0.00065287
     0.02143182     0.13854879    -0.05143287
     0.01671990    -0.04325660    -0.00017712
    -0.06042367    -0.01842838     0.02117192


   71 MODE; Trace:     -0.00292196
    -0.04816525     0.06866688    -0.02729906
    -0.06621203     0.08149934    -0.00857423
    -0.06395181     0.09899675    -0.03625605


   72 MODE; Trace:     -0.00464728
     0.09883836    -0.09998193     0.05228527
    -0.02066283    -0.04815406    -0.03544087
     0.16045380     0.01878806    -0.05533158


   73 MODE; Trace:     -0.00044258
     0.04336998    -0.00284861    -0.00855319
     0.05200422    -0.06969105    -0.02189333
    -0.01000737    -0.02755361     0.02587849


   74 MODE; Trace:      0.00062002
     0.05948452    -0.00275069    -0.03903254
     0.04895794    -0.05225222    -0.03362133
    -0.00194078     0.06843708    -0.00661228


   75 MODE; Trace:      0.00406021
     0.02549263    -0.09002783     0.00832604
    -0.02781839    -0.03657842     0.03193996
     0.07950600    -0.06426429     0.01514600


   76 MODE; Trace:     -0.00088373
    -0.09358227    -0.05053772     0.01046269
     0.05404465     0.07991905    -0.05481120
    -0.05484361    -0.05987206     0.01277949


   77 MODE; Trace:      0.00576375
     0.12319997    -0.01573671     0.00645921
    -0.20677736    -0.09698880     0.12167838
    -0.03552792     0.08125805    -0.02044742


   78 MODE; Trace:      0.00159509
    -0.10904693     0.04996305    -0.00212169
     0.00518989     0.07752391     0.00200376
    -0.05087136     0.01620221     0.03311811


   79 MODE; Trace:      0.00028992
     0.19942420     0.00927323    -0.05225641
    -0.04931561    -0.19774234     0.04116772
     0.03716395    -0.01266055    -0.00139193


   80 MODE; Trace:      0.00086647
     0.08816387    -0.03523263    -0.00461075
    -0.17190036    -0.03142199     0.05453874
    -0.19151710     0.17942829    -0.05587540


   81 MODE; Trace:      0.00059215
     0.02335223    -0.10849840     0.01867159
    -0.03094544     0.00771014     0.01411321
     0.00434274     0.02795595    -0.03047023


   82 MODE; Trace:      0.00479356
    -0.01448188     0.08828696    -0.03647864
    -0.02530092     0.01067158     0.00319347
     0.01567647    -0.02836276     0.00860386


   83 MODE; Trace:     -0.00298689
    -0.06229656    -0.07401390     0.02478008
     0.02607068     0.06941273    -0.03347736
     0.04792497     0.04416664    -0.01010307


   84 MODE; Trace:     -0.00155266
    -0.02766340     0.19229164    -0.05420167
    -0.00661629     0.02918295     0.00235486
     0.02090847    -0.02797213    -0.00307222


   85 MODE; Trace:     -0.00066597
    -0.02664866     0.03496416     0.00548625
    -0.06530479     0.03701108     0.03578956
     0.05077042    -0.03405338    -0.01102839


   86 MODE; Trace:     -0.00408957
    -0.02086687    -0.08962073     0.03566256
     0.10222589     0.04284727    -0.07532733
     0.03484188     0.00150481    -0.02606998


   87 MODE; Trace:      0.00022073
     0.06568005     0.00834199    -0.02500787
     0.00312707    -0.06456590     0.01641774
    -0.02260496    -0.03730007    -0.00089341


   88 MODE; Trace:      0.00042247
     0.05125087     0.04304773    -0.02126455
     0.00433694    -0.05726741     0.01207743
    -0.03559663     0.00628120     0.00643901


   89 MODE; Trace:     -0.00206142
     0.02164856     0.03661687    -0.00991176
     0.03550313    -0.01805490    -0.02631056
    -0.00375529     0.02749386    -0.00565508


   90 MODE; Trace:      0.00049850
    -0.01622183     0.04125371    -0.02782890
     0.04042613     0.02168736    -0.01404800
     0.05558247    -0.02000098    -0.00496704


   91 MODE; Trace:     -0.00229410
     0.00550592    -0.00590671     0.00884473
     0.05836711     0.00758942    -0.03074447
     0.04301236     0.00841313    -0.01538944


   92 MODE; Trace:      0.00009819
     0.03733326    -0.06674959     0.01170325
    -0.06037743    -0.01408047     0.02917810
     0.06065754     0.07042967    -0.02315461


   93 MODE; Trace:     -0.00058005
     0.01768310     0.01415482     0.00334389
     0.05019028    -0.02247673    -0.02046874
    -0.01930403     0.01018002     0.00421358


   94 MODE; Trace:     -0.00039187
     0.05283789     0.03998631    -0.01640628
    -0.03668378    -0.03999174     0.02762445
    -0.02504075     0.04650652    -0.01323802


   95 MODE; Trace:     -0.00182477
    -0.00661856    -0.03203459     0.02529216
     0.00074322     0.03343034    -0.01149267
     0.06253577    -0.00538839    -0.02863655


   96 MODE; Trace:      0.00014803
