 Entering Gaussian System, Link 0=g16
 Input=FREE.INP
 Output=FREE.OUT
 Initial command:
 /usr/local/g16-A.03/sse4/g16/l1.exe "/scratch/zronyj/p2/cluster_542/Gau-13469.inp" -scrdir="/scratch/zronyj/p2/cluster_542/"
 Entering Link 1 = /usr/local/g16-A.03/sse4/g16/l1.exe PID=     13470.
  
 Copyright (c) 1988,1990,1992,1993,1995,1998,2003,2009,2016,
            Gaussian, Inc.  All Rights Reserved.
  
 This is part of the Gaussian(R) 16 program.  It is based on
 the Gaussian(R) 09 system (copyright 2009, Gaussian, Inc.),
 the Gaussian(R) 03 system (copyright 2003, Gaussian, Inc.),
 the Gaussian(R) 98 system (copyright 1998, Gaussian, Inc.),
 the Gaussian(R) 94 system (copyright 1995, Gaussian, Inc.),
 the Gaussian 92(TM) system (copyright 1992, Gaussian, Inc.),
 the Gaussian 90(TM) system (copyright 1990, Gaussian, Inc.),
 the Gaussian 88(TM) system (copyright 1988, Gaussian, Inc.),
 the Gaussian 86(TM) system (copyright 1986, Carnegie Mellon
 University), and the Gaussian 82(TM) system (copyright 1983,
 Carnegie Mellon University). Gaussian is a federally registered
 trademark of Gaussian, Inc.
  
 This software contains proprietary and confidential information,
 including trade secrets, belonging to Gaussian, Inc.
  
 This software is provided under written license and may be
 used, copied, transmitted, or stored only in accord with that
 written license.
  
 The following legend is applicable only to US Government
 contracts under FAR:
  
                    RESTRICTED RIGHTS LEGEND
  
 Use, reproduction and disclosure by the US Government is
 subject to restrictions as set forth in subparagraphs (a)
 and (c) of the Commercial Computer Software - Restricted
 Rights clause in FAR 52.227-19.
  
 Gaussian, Inc.
 340 Quinnipiac St., Bldg. 40, Wallingford CT 06492
  
  
 ---------------------------------------------------------------
 Warning -- This program may not be used in any manner that
 competes with the business of Gaussian, Inc. or will provide
 assistance to any competitor of Gaussian, Inc.  The licensee
 of this program is prohibited from giving any competitor of
 Gaussian, Inc. access to this program.  By using this program,
 the user acknowledges that Gaussian, Inc. is engaged in the
 business of creating and licensing software in the field of
 computational chemistry and represents and warrants to the
 licensee that it is not a competitor of Gaussian, Inc. and that
 it will not use this program in any manner prohibited above.
 ---------------------------------------------------------------
  

 Cite this work as:
 Gaussian 16, Revision A.03,
 M. J. Frisch, G. W. Trucks, H. B. Schlegel, G. E. Scuseria, 
 M. A. Robb, J. R. Cheeseman, G. Scalmani, V. Barone, 
 G. A. Petersson, H. Nakatsuji, X. Li, M. Caricato, A. V. Marenich, 
 J. Bloino, B. G. Janesko, R. Gomperts, B. Mennucci, H. P. Hratchian, 
 J. V. Ortiz, A. F. Izmaylov, J. L. Sonnenberg, D. Williams-Young, 
 F. Ding, F. Lipparini, F. Egidi, J. Goings, B. Peng, A. Petrone, 
 T. Henderson, D. Ranasinghe, V. G. Zakrzewski, J. Gao, N. Rega, 
 G. Zheng, W. Liang, M. Hada, M. Ehara, K. Toyota, R. Fukuda, 
 J. Hasegawa, M. Ishida, T. Nakajima, Y. Honda, O. Kitao, H. Nakai, 
 T. Vreven, K. Throssell, J. A. Montgomery, Jr., J. E. Peralta, 
 F. Ogliaro, M. J. Bearpark, J. J. Heyd, E. N. Brothers, K. N. Kudin, 
 V. N. Staroverov, T. A. Keith, R. Kobayashi, J. Normand, 
 K. Raghavachari, A. P. Rendell, J. C. Burant, S. S. Iyengar, 
 J. Tomasi, M. Cossi, J. M. Millam, M. Klene, C. Adamo, R. Cammi, 
 J. W. Ochterski, R. L. Martin, K. Morokuma, O. Farkas, 
 J. B. Foresman, and D. J. Fox, Gaussian, Inc., Wallingford CT, 2016.
 
 ******************************************
 Gaussian 16:  ES64L-G16RevA.03 25-Dec-2016
                23-Aug-2023 
 ******************************************
 %chk=cluster_542.chk
 %mem=6GB
 %nproc=8
 Will use up to    8 processors via shared memory.
 ----------------------------------------------------------------------
 #b3lyp/6-311++G** scrf=(cpcm,Solvent=Water) nosymm freq=roa scf=(xqc,c
 onver=8) iop(2/11=1) geom=checkpoint guess=checkpoint
 ----------------------------------------------------------------------
 1/10=4,29=2,30=1,38=1,83=21/1,3;
 2/11=1,12=2,15=1,40=1/2;
 3/5=4,6=6,7=1111,11=2,14=-4,25=1,30=1,36=2,70=2101,71=2,72=1,74=-5,116=-2,140=1/1,2,3;
 4/5=1/1;
 5/5=2,6=8,8=3,13=1,38=6,53=1,98=1/2,8;
 8/6=4,10=90,11=11/1;
 10/13=10,15=4,31=1,49=111,72=3/2;
 11/6=3,8=1,9=11,15=111,16=1,31=1/1,2,10;
 10/6=1,31=1,49=111/2;
 6/7=2,8=2,9=2,10=2,28=1/1;
 7/8=1,10=1,25=1,30=1/1,2,3,16;
 1/10=4,30=1/3;
 99//99;
 ---------------
 ROA cluster_542
 ---------------
 Structure from the checkpoint file:  "cluster_542.chk"
 Charge =  0 Multiplicity = 1
 No Z-Matrix found in chk file; cartesian coordinates used.
  O                                                19.475979860000     15.094638930000     14.306617990000
  H                                                20.351888710000     14.872447700000     14.659084490000
  H                                                19.496309010000     14.721922360000     13.414396380000
  O                                                19.873292200000     19.903015300000      8.472107750000
  H                                                19.221029170000     19.285578800000      8.088005250000
  H                                                19.807579510000     20.688923760000      7.912669240000
  O                                                18.012615540000     17.906704840000      7.296702380000
  H                                                18.291410170000     17.064979550000      7.682033650000
  H                                                17.047553530000     17.873346900000      7.364161420000
  O                                                19.185702280000     18.276549690000     12.428088450000
  H                                                19.188076510000     17.662678670000     13.178857320000
  H                                                18.306260230000     18.677454420000     12.468046180000
  O                                                18.632986230000     14.814660560000      8.616174040000
  H                                                19.185330530000     14.105536220000      8.262543400000
  H                                                18.532187850000     14.585794190000      9.550882570000
  O                                                23.650371650000     17.497252160000     11.760309270000
  H                                                23.452049440000     17.764078620000     10.838174390000
  H                                                23.489499000000     18.305318990000     12.265609960000
  O                                                23.840350230000     15.946500800000     14.374373750000
  H                                                23.929278090000     16.745206740000     14.909711640000
  H                                                23.755233420000     16.291814780000     13.467523500000
  O                                                23.121890680000     18.382910920000      9.251562740000
  H                                                23.784804080000     19.008528230000      8.927190200000
  H                                                22.265501840000     18.831556760000      9.133423060000
  O                                                22.952827060000     15.759407580000      8.184894220000
  H                                                22.124911820000     15.421590840000      8.553403740000
  H                                                23.004158590000     16.675486410000      8.514839900000
  O                                                22.589984840000     14.164331650000     11.005639550000
  H                                                23.011256160000     13.472209000000     10.481218450000
  H                                                23.042714670000     14.966114290000     10.708955130000
 Recover connectivity data from disk.
 Using perturbation frequencies:    0.085645

 GradGradGradGradGradGradGradGradGradGradGradGradGradGradGradGradGradGrad
 Berny optimization.
 Initialization pass.
 Trust Radius=3.00D-01 FncErr=1.00D-07 GrdErr=1.00D-07 EigMax=2.50D+02 EigMin=1.00D-04
 Number of steps in this run=      2 maximum allowed number of steps=      2.
 GradGradGradGradGradGradGradGradGradGradGradGradGradGradGradGradGradGrad

                          Input orientation:                          
 ---------------------------------------------------------------------
 Center     Atomic      Atomic             Coordinates (Angstroms)
 Number     Number       Type             X           Y           Z
 ---------------------------------------------------------------------
      1          8           0       19.475980   15.094639   14.306618
      2          1           0       20.351889   14.872448   14.659084
      3          1           0       19.496309   14.721922   13.414396
      4          8           0       19.873292   19.903015    8.472108
      5          1           0       19.221029   19.285579    8.088005
      6          1           0       19.807580   20.688924    7.912669
      7          8           0       18.012616   17.906705    7.296702
      8          1           0       18.291410   17.064980    7.682034
      9          1           0       17.047554   17.873347    7.364161
     10          8           0       19.185702   18.276550   12.428088
     11          1           0       19.188077   17.662679   13.178857
     12          1           0       18.306260   18.677454   12.468046
     13          8           0       18.632986   14.814661    8.616174
     14          1           0       19.185331   14.105536    8.262543
     15          1           0       18.532188   14.585794    9.550883
     16          8           0       23.650372   17.497252   11.760309
     17          1           0       23.452049   17.764079   10.838174
     18          1           0       23.489499   18.305319   12.265610
     19          8           0       23.840350   15.946501   14.374374
     20          1           0       23.929278   16.745207   14.909712
     21          1           0       23.755233   16.291815   13.467524
     22          8           0       23.121891   18.382911    9.251563
     23          1           0       23.784804   19.008528    8.927190
     24          1           0       22.265502   18.831557    9.133423
     25          8           0       22.952827   15.759408    8.184894
     26          1           0       22.124912   15.421591    8.553404
     27          1           0       23.004159   16.675486    8.514840
     28          8           0       22.589985   14.164332   11.005640
     29          1           0       23.011256   13.472209   10.481218
     30          1           0       23.042715   14.966114   10.708955
 ---------------------------------------------------------------------
                    Distance matrix (angstroms):
                    1          2          3          4          5
     1  O    0.000000
     2  H    0.969958   0.000000
     3  H    0.967156   1.517868   0.000000
     4  O    7.570987   7.988388   7.170220   0.000000
     5  H    7.503341   7.995852   7.019486   0.976837   0.000000
     6  H    8.502268   8.924225   8.122253   0.966924   1.531065
     7  O    7.693378   8.299614   7.054812   2.971355   1.996927
     8  H    7.012173   7.598158   6.308857   3.343802   2.441325
     9  H    7.862326   8.552189   7.247981   3.651287   2.691161
    10  O    3.706439   4.233821   3.701980   4.332200   4.455975
    11  H    2.819497   3.366143   2.966232   5.257577   5.343376
    12  H    4.193466   4.843895   4.237691   4.463755   4.515681
    13  O    5.759356   6.282892   4.876153   5.239319   4.540250
    14  H    6.131365   6.547118   5.197906   5.841915   5.183105
    15  H    4.875109   5.430213   3.984319   5.588842   4.970160
    16  O    5.448099   5.115905   5.262575   5.555744   6.025197
    17  H    5.913133   5.707178   5.616005   4.793832   5.270667
    18  H    5.530146   5.230480   5.486894   5.479073   6.052530
    19  O    4.447245   3.661149   4.614309   8.138077   8.485635
    20  H    4.787480   4.045708   5.097143   8.238053   8.669301
    21  H    4.522093   3.875200   4.539364   7.284533   7.645969
    22  O    7.046913   7.016948   6.623961   3.670376   4.169580
    23  H    7.926080   7.857906   7.543288   4.038209   4.648551
    24  H    6.964764   7.061827   6.548607   2.703337   3.250823
    25  O    7.071484   7.033258   6.353864   5.170639   5.135133
    26  H    6.342177   6.381576   5.570309   5.015931   4.855876
    27  H    6.963607   6.930889   6.334594   4.496787   4.615933
    28  O    4.632381   4.342599   3.960284   6.836058   6.788934
    29  H    5.455652   5.146598   4.745542   7.432268   7.340883
    30  H    5.067671   4.780464   4.467218   6.278672   6.335016
                    6          7          8          9         10
     6  H    0.000000
     7  O    3.367796   0.000000
     8  H    3.935090   0.966803   0.000000
     9  H    3.980713   0.967992   1.517129   0.000000
    10  O    5.157062   5.276745   4.979227   5.511589   0.000000
    11  H    6.105299   6.003416   5.601457   6.199751   0.969792
    12  H    5.201099   5.236705   5.050367   5.317948   0.967336
    13  O    6.031713   3.418567   2.460331   3.665610   5.178886
    14  H    6.621978   4.093531   3.145535   4.424204   5.894838
    15  H    6.446593   4.047188   3.113989   4.218281   4.725153
    16  O    6.305407   7.202481   6.748160   7.941333   4.581103
    17  H    5.513208   6.492288   6.089512   7.286856   4.581721
    18  H    6.179498   7.405754   7.040436   8.106137   4.306959
    19  O    8.972594   9.375411   8.765224   9.949769   5.557239
    20  H    9.027730   9.711534   9.172085  10.274539   5.568211
    21  H    8.110175   8.582806   7.995189   9.205718   5.089225
    22  O    4.253821   5.491170   5.247276   6.381184   5.059171
    23  H    4.435234   6.098415   5.958622   7.008726   5.826132
    24  H    3.313825   4.723975   4.584837   5.592445   4.544009
    25  O    5.853787   5.459438   4.866846   6.325709   6.207409
    26  H    5.790109   4.966495   4.260956   5.762376   5.639408
    27  H    5.166082   5.283489   4.801590   6.183856   5.697151
    28  O    7.738123   6.979533   6.159372   7.598401   5.524748
    29  H    8.303130   7.402182   6.558992   8.040635   6.442581
    30  H    7.143939   6.752217   6.011854   7.455307   5.365720
                   11         12         13         14         15
    11  H    0.000000
    12  H    1.520731   0.000000
    13  O    5.407163   5.464874   0.000000
    14  H    6.068230   6.273871   0.965917   0.000000
    15  H    4.802042   5.030166   0.967585   1.522190   0.000000
    16  O    4.685267   5.518450   6.500465   6.608683   6.289194
    17  H    4.865238   5.474476   6.071221   6.182532   5.996970
    18  H    4.444012   5.200522   7.006340   7.224167   6.766058
    19  O    5.100802   6.458974   7.845672   7.900179   7.300286
    20  H    5.129971   6.427569   8.449043   8.582409   7.906244
    21  H    4.777187   6.031711   7.207981   7.263308   6.747651
    22  O    5.605111   5.798519   5.769436   5.896660   5.964316
    23  H    6.404521   6.531594   6.650300   6.755460   6.894893
    24  H    5.215588   5.178712   5.440420   5.707991   5.669074
    25  O    6.537236   6.960673   4.442924   4.115258   4.773400
    26  H    5.919653   6.364525   3.544834   3.233843   3.821150
    27  H    6.106561   6.458016   4.751851   4.609962   5.043681
    28  O    5.341749   6.391964   4.668009   4.372608   4.331243
    29  H    6.281241   7.292397   4.944675   4.467810   4.708253
    30  H    5.313202   6.269166   4.883480   4.648111   4.672326
                   16         17         18         19         20
    16  O    0.000000
    17  H    0.980235   0.000000
    18  H    0.966530   1.527061   0.000000
    19  O    3.045366   3.994881   3.183395   0.000000
    20  H    3.249938   4.224129   3.101392   0.965622   0.000000
    21  H    2.092524   3.028689   2.359960   0.974097   1.521763
    22  O    2.712470   1.734732   3.037373   5.717995   5.945469
    23  H    3.213813   2.304613   3.424435   6.249072   6.397973
    24  H    3.255574   2.335291   3.403776   6.186377   6.362902
    25  O    4.036120   3.362711   4.839620   6.255586   6.866471
    26  H    4.113349   3.531108   4.894738   6.091137   6.738720
    27  H    3.409686   2.604520   4.118275   5.963621   6.461818
    28  O    3.578031   3.705318   4.420908   4.010974   4.867895
    29  H    4.271477   4.329187   5.174140   4.686809   5.582726
    30  H    2.807357   2.830699   3.711210   3.877199   4.647313
                   21         22         23         24         25
    21  H    0.000000
    22  O    4.748487   0.000000
    23  H    5.291128   0.967506   0.000000
    24  H    5.239658   0.973983   1.543415   0.000000
    25  O    5.369682   2.837100   3.435109   3.287890   0.000000
    26  H    5.250125   3.201689   3.970022   3.461799   0.967142
    27  H    5.023982   1.863309   2.494499   2.361546   0.975038
    28  O    3.456134   4.599578   5.404978   5.039194   3.260755
    29  H    4.173931   5.063525   5.802087   5.576317   3.241573
    30  H    3.142430   3.715476   4.479564   4.245940   2.647315
                   26         27         28         29         30
    26  H    0.000000
    27  H    1.531932   0.000000
    28  O    2.794719   3.561112   0.000000
    29  H    2.881348   3.758681   0.965153   0.000000
    30  H    2.386676   2.781651   0.967389   1.511492   0.000000
 Symmetry turned off by external request.
 Stoichiometry    H20O10
 Framework group  C1[X(H20O10)]
 Deg. of freedom    84
 Full point group                 C1      NOp   1
 Rotational constants (GHZ):           0.4292425           0.2766809           0.2497080
 Standard basis: 6-311++G(d,p) (5D, 7F)
   360 basis functions,   540 primitive gaussians,   370 cartesian basis functions
    50 alpha electrons       50 beta electrons
       nuclear repulsion energy       579.8158796118 Hartrees.
 NAtoms=   30 NActive=   30 NUniq=   30 SFac= 1.00D+00 NAtFMM=   60 NAOKFM=F Big=F
 Integral buffers will be    131072 words long.
 Raffenetti 2 integral format.
 Two-electron integral symmetry is turned off.
 Force inversion solution in PCM.
 ------------------------------------------------------------------------------
 Polarizable Continuum Model (PCM)
 =================================
 Model                : C-PCM.
 Atomic radii         : UFF (Universal Force Field).
 Polarization charges : Total charges.
 Charge compensation  : None.
 Solution method      : Matrix inversion.
 Cavity type          : Scaled VdW (van der Waals Surface) (Alpha=1.100).
 Cavity algorithm     : GePol (No added spheres)
                        Default sphere list used, NSphG=   30.
                        Lebedev-Laikov grids with approx.  5.0 points / Ang**2.
                        Smoothing algorithm: York/Karplus (Gamma=1.0000).
                        Polarization charges: spherical gaussians, with
                                              point-specific exponents (IZeta= 3).
                        Self-potential: point-specific (ISelfS= 7).
                        Self-field    : sphere-specific E.n sum rule (ISelfD= 2).
 1st derivatives      : Analytical E(r).r(x)/FMM algorithm (CHGder, D1EAlg=3).
                        Cavity 1st derivative terms included.
 2nd derivatives      : Analytical E(r).r(xy)/FMM algorithm (CHGder, D2EAlg=3).
                        Cavity 2nd derivative terms included.
 Solvent              : Water, Eps=  78.355300 Eps(inf)=   1.777849
 ------------------------------------------------------------------------------
 Separa: There are  2 disjoint cavities,
 One-electron integrals computed using PRISM.
 NBasis=   360 RedAO= T EigKep=  3.73D-04  NBF=   360
 NBsUse=   360 1.00D-06 EigRej= -1.00D+00 NBFU=   360
 Initial guess from the checkpoint file:  "cluster_542.chk"
 B after Tr=     0.000000    0.000000    0.000000
         Rot=    1.000000    0.000000    0.000000    0.000000 Ang=   0.00 deg.
 Requested convergence on RMS density matrix=1.00D-08 within  32 cycles.
 Requested convergence on MAX density matrix=1.00D-06.
 Requested convergence on             energy=1.00D-06.
 No special actions if energy rises.
 Inv3:  Mode=1 IEnd=    32709612.
 Iteration    1 A*A^-1 deviation from unit magnitude is 8.66D-15 for   1230.
 Iteration    1 A*A^-1 deviation from orthogonality  is 3.11D-15 for   2849   1236.
 Iteration    1 A^-1*A deviation from unit magnitude is 8.44D-15 for   1230.
 Iteration    1 A^-1*A deviation from orthogonality  is 2.43D-15 for   2334    404.
 Error on total polarization charges =  0.01701
 SCF Done:  E(RB3LYP) =  -764.693863058     A.U. after   10 cycles
            NFock= 10  Conv=0.27D-08     -V/T= 2.0036
 QCSCF skips out because SCF is already converged.
 DoSCS=F DFT=T ScalE2(SS,OS)=  1.000000  1.000000
 Range of M.O.s used for correlation:     1   360
 NBasis=   360 NAE=    50 NBE=    50 NFC=     0 NFV=     0
 NROrb=    360 NOA=    50 NOB=    50 NVA=   310 NVB=   310

 **** Warning!!: The largest alpha MO coefficient is  0.19866209D+02

 NEqPCM:  Using non-equilibrium solvation (IEInf=1, Eps=  78.3553, EpsInf=   1.7778)
 Inv3:  Mode=1 IEnd=    32709612.
 Iteration    1 A*A^-1 deviation from unit magnitude is 8.66D-15 for   1230.
 Iteration    1 A*A^-1 deviation from orthogonality  is 3.11D-15 for   2849   1236.
 Iteration    1 A^-1*A deviation from unit magnitude is 8.44D-15 for   1230.
 Iteration    1 A^-1*A deviation from orthogonality  is 2.43D-15 for   2334    404.
          Differentiating once with respect to electric field.
                with respect to dipole field.
                with respect to quadrupole field.
          Differentiating once with respect to magnetic field using GIAOs.
          Electric field/nuclear overlap derivatives assumed to be zero.
 FoFJK:  IHMeth= 1 ICntrl=    6127 DoSepK=F KAlg= 0 I1Cent=           0 FoldK=F
 IRaf=         1 NMat=       1 IRICut=       1 DoRegI=T DoRafI=F ISym2E= 0 IDoP0=0 IntGTp=1.
 CalDSu exits because no D1Ps are significant.
          There are    12 degrees of freedom in the 1st order CPHF.  IDoFFX=0 NUNeed=    12.
     11 vectors produced by pass  0 Test12= 2.58D-13 8.33D-09 XBig12= 1.00D+00 1.52D-01.
 AX will form    11 AO Fock derivatives at one time.
     11 vectors produced by pass  1 Test12= 2.58D-13 8.33D-09 XBig12= 8.72D-02 3.50D-02.
     11 vectors produced by pass  2 Test12= 2.58D-13 8.33D-09 XBig12= 2.49D-02 2.02D-02.
     11 vectors produced by pass  3 Test12= 2.58D-13 8.33D-09 XBig12= 1.65D-03 5.98D-03.
     11 vectors produced by pass  4 Test12= 2.58D-13 8.33D-09 XBig12= 9.46D-05 1.14D-03.
     11 vectors produced by pass  5 Test12= 2.58D-13 8.33D-09 XBig12= 3.71D-06 2.14D-04.
     11 vectors produced by pass  6 Test12= 2.58D-13 8.33D-09 XBig12= 1.02D-07 2.62D-05.
     11 vectors produced by pass  7 Test12= 2.58D-13 8.33D-09 XBig12= 1.70D-09 4.19D-06.
     11 vectors produced by pass  8 Test12= 2.58D-13 8.33D-09 XBig12= 1.66D-11 5.22D-07.
      8 vectors produced by pass  9 Test12= 2.58D-13 8.33D-09 XBig12= 3.37D-13 6.45D-08.
      1 vectors produced by pass 10 Test12= 2.58D-13 8.33D-09 XBig12= 8.79D-15 8.61D-09.
 InvSVY:  IOpt=1 It=  1 EMax= 5.68D-13
 Solved reduced A of dimension   108 with    12 vectors.
 Isotropic polarizability for W=    0.085645       91.93 Bohr**3.
 Dipole-magnetic dipole polarizability for W=    0.085645:
                 1             2             3 
      1  -0.484160D+02  0.969664D+03 -0.150049D+04
      2  -0.817277D+03 -0.629592D+02  0.183231D+04
      3   0.140459D+04 -0.186298D+04  0.111551D+03
 DQ contribution to OR G for W=    0.085645:
                 1             2             3 
      1  -0.967607D+02  0.321042D+04 -0.497034D+04
      2  -0.290404D+04 -0.124765D+03  0.609040D+04
      3   0.477757D+04 -0.615347D+04  0.221526D+03
 Optical Rotation G' tensor for W=    0.085645:
                 1             2             3 
      1   0.105850D+00  0.201305D+00 -0.121854D+00
      2   0.201305D+00  0.376324D+00 -0.216457D+00
      3  -0.121854D+00 -0.216457D+00 -0.306071D+00
 OR G Eigenvalues:    -0.3778    -0.0014     0.5552  Iso=    -0.0587
 Eigenvectors:
   (1)   0.143198   0.237558   0.960761
   (2)   0.879212  -0.476246  -0.013287
   (3)   0.454402   0.846615  -0.277061
 w=    0.085645 a.u., Optical Rotation Beta=     -0.0587 au.
 Molar Mass =    180.1520 grams/mole, [Alpha] ( 5320.0 A) =      -15.45 deg.
 End of Minotr F.D. properties on file   721 Mask=       B NFrqRd=     1 NDeriv=     1 ND12= 1 LenFil=      39:
 Frequencies=    0.085645
 Property number 1 -- Alpha(-w,w) frequency  1    0.085645:
                 1             2             3 
      1   0.891930D+02  0.749722D+00  0.329608D+01
      2   0.749722D+00  0.938484D+02 -0.270934D+01
      3   0.329608D+01 -0.270934D+01  0.927413D+02
 Property number 2 -- FD Optical Rotation Tensor frequency  1    0.085645:
                 1             2             3 
      1  -0.484160D+02  0.969664D+03 -0.150049D+04
      2  -0.817277D+03 -0.629592D+02  0.183231D+04
      3   0.140459D+04 -0.186298D+04  0.111551D+03
 Property number 4 -- D-Q polarizability frequency  1    0.085645:
                 1             2             3 
      1   0.467652D+04 -0.190844D+04 -0.100429D+04
      2  -0.238066D+04  0.400134D+04 -0.144165D+04
      3  -0.229586D+04 -0.209291D+04  0.244594D+04
      4   0.286914D+04  0.377281D+04 -0.608568D+01
      5   0.189975D+04 -0.102846D+03  0.379455D+04
      6   0.118680D+03  0.176877D+04  0.287744D+04
 End of Minotr F.D. properties file   722 does not exist.
 End of Minotr F.D. properties file   788 does not exist.
 Symmetrizing basis deriv contribution to polar:
 IMax=3 JMax=2 DiffMx= 0.00D+00
 G2DrvN: will do    31 centers at a time, making    1 passes.
 PxScal for G2LodP:  IOpCl= 0 ISclPx=1 IMOff=     1 NMtTot=    25 NTT=   64980 ScalPx= 2.21D+02
 Calling FoFCou, ICntrl=  3107 FMM=F I1Cent=   0 AccDes= 0.00D+00.
 PxScal for G2LodP:  IOpCl= 0 ISclPx=0 IMOff=     1 NMtTot=    25 NTT=   64980 ScalPx= 1.00D+00
 NEqPCM:  Using non-equilibrium solvation (IEInf=1, Eps=  78.3553, EpsInf=   1.7778)
 G2PCM: DoFxE=T DoFxN=T DoGrad=T DoDP/DQ/DG/TGxP=TTTF NFrqRd=   1 IEInf=1 SqF1=F DoCFld=F IF1Alg=4.
 End of G2Drv F.D. properties on file   721 Mask=       B NFrqRd=     1 NDeriv=     1 ND12= 1 LenFil=      39:
 Frequencies=    0.085645
 Property number 1 -- Alpha(-w,w) frequency  1    0.085645:
                 1             2             3 
      1   0.891930D+02  0.749722D+00  0.329608D+01
      2   0.749722D+00  0.938484D+02 -0.270934D+01
      3   0.329608D+01 -0.270934D+01  0.927413D+02
 Property number 2 -- FD Optical Rotation Tensor frequency  1    0.085645:
                 1             2             3 
      1  -0.484160D+02  0.969664D+03 -0.150049D+04
      2  -0.817277D+03 -0.629592D+02  0.183231D+04
      3   0.140459D+04 -0.186298D+04  0.111551D+03
 Property number 4 -- D-Q polarizability frequency  1    0.085645:
                 1             2             3 
      1   0.467652D+04 -0.190844D+04 -0.100429D+04
      2  -0.238066D+04  0.400134D+04 -0.144165D+04
      3  -0.229586D+04 -0.209291D+04  0.244594D+04
      4   0.286914D+04  0.377281D+04 -0.608568D+01
      5   0.189975D+04 -0.102846D+03  0.379455D+04
      6   0.118680D+03  0.176877D+04  0.287744D+04
 End of G2Drv F.D. properties on file   722 Mask=       B NFrqRd=     1 NDeriv=    90 ND12= 1 LenFil=    3243:
 Frequencies=    0.085645
 Property number 1 -- Alpha(-w,w) derivatives, frequency  1    0.085645:
                 1             2             3             4             5 
      1  -0.151109D+00  0.784195D+00 -0.785606D+00  0.737234D+00  0.111146D+01
      2   0.784195D+00  0.161881D+01 -0.117139D+01  0.111146D+01  0.669342D+00
      3  -0.785606D+00 -0.117139D+01  0.111727D+01 -0.969545D+00 -0.162694D+01
                 6             7             8             9            10 
      1  -0.969545D+00 -0.117442D+01 -0.790131D+00  0.443058D+00  0.708481D+00
      2  -0.162694D+01 -0.790131D+00 -0.122452D+01  0.958847D+00 -0.371694D+00
      3   0.183538D+01  0.443058D+00  0.958847D+00  0.104493D+01  0.287335D+00
                11            12            13            14            15 
      1  -0.371694D+00  0.287335D+00 -0.522826D+00 -0.646310D+00  0.479025D+00
      2  -0.120140D+01  0.955426D+00 -0.646310D+00 -0.407385D+00  0.779331D+00
      3   0.955426D+00 -0.115225D+01  0.479025D+00  0.779331D+00 -0.383629D+00
                16            17            18            19            20 
      1   0.536600D+00  0.100152D-01 -0.363589D+00 -0.452892D+00 -0.393920D+00
      2   0.100152D-01  0.130310D+00 -0.327035D+00 -0.393920D+00 -0.555390D+00
      3  -0.363589D+00 -0.327035D+00  0.192962D+00  0.510014D+00  0.273807D+00
                21            22            23            24            25 
      1   0.510014D+00 -0.241761D+00 -0.451796D+00  0.489563D+00  0.642676D+00
      2   0.273807D+00 -0.451796D+00 -0.302368D+00  0.687395D+00  0.772979D+00
      3   0.382866D-01  0.489563D+00  0.687395D+00 -0.127012D+01 -0.610323D-01
                26            27            28            29            30 
      1   0.772979D+00 -0.610323D-01  0.436559D+00 -0.360104D+00  0.828533D+00
      2   0.110532D+01 -0.589973D+00 -0.360104D+00  0.261330D+01  0.151272D+01
      3  -0.589973D+00 -0.129500D+01  0.828533D+00  0.151272D+01 -0.952802D+00
                31            32            33            34            35 
      1   0.100200D+01  0.139087D+01  0.184879D+00 -0.688117D+00  0.234394D+01
      2   0.139087D+01  0.398397D+00 -0.745770D-01  0.234394D+01 -0.139890D+01
      3   0.184879D+00 -0.745770D-01  0.939403D+00  0.272537D+00 -0.888644D+00
                36            37            38            39            40 
      1   0.272537D+00 -0.901012D+00 -0.270182D+00 -0.801779D+00 -0.761489D+00
      2  -0.888644D+00 -0.270182D+00 -0.183610D+01 -0.103888D+01 -0.117548D+01
      3  -0.870705D-01 -0.801779D+00 -0.103888D+01  0.457027D+00 -0.762584D+00
                41            42            43            44            45 
      1  -0.117548D+01 -0.762584D+00  0.215169D+00 -0.157816D+01 -0.121209D+00
      2   0.489247D+00  0.288948D-01 -0.157816D+01  0.654199D-01  0.602536D+00
      3   0.288948D-01 -0.603734D+00 -0.121209D+00  0.602536D+00 -0.651868D+00
                46            47            48            49            50 
      1   0.149416D-01  0.507671D+00 -0.784233D-01 -0.521794D+00 -0.104170D+00
      2   0.507671D+00 -0.316182D+00 -0.657775D+00 -0.104170D+00 -0.477167D+00
      3  -0.784233D-01 -0.657775D+00  0.425939D+00  0.554768D+00  0.115414D+00
                51            52            53            54            55 
      1   0.554768D+00  0.491078D+00 -0.850065D+00 -0.166703D+00  0.696425D-02
      2   0.115414D+00 -0.850065D+00  0.163168D+01  0.283095D+00 -0.170554D+00
      3  -0.632722D+00 -0.166703D+00  0.283095D+00  0.362734D+00 -0.766666D+00
                56            57            58            59            60 
      1  -0.170554D+00 -0.766666D+00  0.337747D+00 -0.496567D+00  0.142258D+01
      2  -0.956253D+00  0.108317D+00 -0.496567D+00  0.491848D+00 -0.101410D+01
      3   0.108317D+00 -0.126640D+01  0.142258D+01 -0.101410D+01  0.868838D+00
                61            62            63            64            65 
      1  -0.240810D+00  0.923177D+00  0.976373D+00 -0.478772D+00  0.252841D+00
      2   0.923177D+00 -0.102944D+01  0.543922D+00  0.252841D+00  0.553677D+00
      3   0.976373D+00  0.543922D+00  0.412604D+01  0.153889D+00 -0.330528D+00
                66            67            68            69            70 
      1   0.153889D+00 -0.481881D+00  0.330242D+00 -0.112497D+01  0.658595D+00
      2  -0.330528D+00  0.330242D+00 -0.117583D+01  0.863138D+00 -0.613508D+00
      3   0.171317D+00 -0.112497D+01  0.863138D+00 -0.102188D+00 -0.284282D+00
                71            72            73            74            75 
      1  -0.613508D+00 -0.284282D+00  0.609552D+00 -0.171447D+00  0.522731D+00
      2   0.758986D+00 -0.471115D+00 -0.171447D+00  0.245898D+00  0.296292D+00
      3  -0.471115D+00 -0.217084D+01  0.522731D+00  0.296292D+00  0.111512D+01
                76            77            78            79            80 
      1   0.397655D+00 -0.777662D-02 -0.213652D+00 -0.494988D+00 -0.301487D+00
      2  -0.777662D-02  0.161173D+00 -0.466326D-01 -0.301487D+00  0.123945D+00
      3  -0.213652D+00 -0.466326D-01 -0.460285D+00 -0.857822D+00 -0.696932D-01
                81            82            83            84            85 
      1  -0.857822D+00 -0.167105D+00 -0.226188D+00  0.292246D+00  0.201200D+00
      2  -0.696932D-01 -0.226188D+00 -0.179850D+01 -0.103955D+01  0.922573D-01
      3  -0.164771D+01  0.292246D+00 -0.103955D+01 -0.822784D+00  0.443878D+00
                86            87            88            89            90 
      1   0.922573D-01  0.443878D+00  0.670892D+00  0.680383D+00 -0.123391D+00
      2  -0.931508D+00 -0.161720D+01  0.680383D+00 -0.122047D+01  0.397217D+00
      3  -0.161720D+01 -0.558970D+00 -0.123391D+00  0.397217D+00  0.173668D-01
                91            92            93            94            95 
      1  -0.146953D+00  0.197865D+00 -0.165400D+00  0.236748D-01  0.627770D-02
      2   0.197865D+00  0.384999D+00  0.221333D+00  0.627770D-02  0.618620D+00
      3  -0.165400D+00  0.221333D+00  0.290410D+00 -0.235118D+00  0.153962D+01
                96            97            98            99           100 
      1  -0.235118D+00 -0.264024D+00 -0.602577D+00  0.101583D+00  0.306722D+00
      2   0.153962D+01 -0.602577D+00  0.839407D+00 -0.702893D+00 -0.126574D-01
      3   0.299780D+00  0.101583D+00 -0.702893D+00 -0.230899D+00 -0.116748D+00
               101           102           103           104           105 
      1  -0.126574D-01 -0.116748D+00 -0.175579D+00 -0.180169D+00 -0.207884D+00
      2   0.139101D+01  0.757969D+00 -0.180169D+00  0.337081D+00  0.297969D+00
      3   0.757969D+00  0.490312D+00 -0.207884D+00  0.297969D+00  0.747465D-01
               106           107           108           109           110 
      1  -0.390542D+00 -0.880834D-01 -0.102593D-01  0.211175D+01  0.195131D+01
      2  -0.880834D-01  0.454733D+00  0.247669D+00  0.195131D+01  0.185336D+01
      3  -0.102593D-01  0.247669D+00  0.175138D+00  0.132876D+01  0.820620D+00
               111           112           113           114           115 
      1   0.132876D+01  0.942180D+00  0.583037D+00  0.152353D-01  0.142178D+01
      2   0.820620D+00  0.583037D+00  0.175127D+00  0.751590D+00  0.641040D+00
      3   0.629610D+00  0.152353D-01  0.751590D+00  0.235295D+00  0.226820D+00
               116           117           118           119           120 
      1   0.641040D+00  0.226820D+00 -0.860623D+00 -0.116631D+01 -0.746436D+00
      2   0.737643D+00 -0.314918D+00 -0.116631D+01 -0.134123D+01 -0.631078D+00
      3  -0.314918D+00 -0.950339D+00 -0.746436D+00 -0.631078D+00 -0.429812D+00
               121           122           123           124           125 
      1  -0.600137D+00 -0.125972D+00  0.137272D+00 -0.268693D+00  0.779441D-01
      2  -0.125972D+00  0.253291D+00 -0.598860D-01  0.779441D-01 -0.159478D+00
      3   0.137272D+00 -0.598860D-01  0.110941D+00 -0.155285D+00 -0.280742D-01
               126           127           128           129           130 
      1  -0.155285D+00 -0.101115D+01 -0.763693D+00 -0.401581D+00 -0.360778D+00
      2  -0.280742D-01 -0.763693D+00 -0.600256D+00 -0.148801D+00 -0.401422D+00
      3   0.931475D-01 -0.401581D+00 -0.148801D+00 -0.183758D+00 -0.188306D+00
               131           132           133           134           135 
      1  -0.401422D+00 -0.188306D+00 -0.109396D+01 -0.704551D+00  0.962779D-02
      2  -0.327783D+00 -0.554225D+00 -0.704551D+00 -0.705208D+00  0.253108D+00
      3  -0.554225D+00 -0.360216D+00  0.962779D-02  0.253108D+00  0.100882D+01
               136           137           138           139           140 
      1  -0.364684D+01 -0.155000D+01 -0.503593D+00 -0.249626D+00  0.480737D-02
      2  -0.155000D+01 -0.911237D+00 -0.242630D+00  0.480737D-02  0.253853D+00
      3  -0.503593D+00 -0.242630D+00  0.982314D+00  0.141122D-01 -0.727780D+00
               141           142           143           144           145 
      1   0.141122D-01  0.114914D+01  0.107382D+01  0.115781D+01  0.174613D+01
      2  -0.727780D+00  0.107382D+01 -0.128475D+01  0.522316D+00  0.805573D+00
      3  -0.554358D-01  0.115781D+01  0.522316D+00  0.318751D+01 -0.545165D-01
               146           147           148           149           150 
      1   0.805573D+00 -0.545165D-01  0.543090D+00  0.107427D+01  0.998140D-01
      2   0.475595D+00 -0.216356D+00  0.107427D+01  0.754717D+00  0.701660D+00
      3  -0.216356D+00 -0.118176D+01  0.998140D-01  0.701660D+00 -0.590059D-01
               151           152           153           154           155 
      1  -0.421318D+00 -0.477438D+00 -0.597795D+00  0.181924D+01  0.938916D+00
      2  -0.477438D+00  0.915287D+00 -0.402305D+00  0.938916D+00  0.608684D+00
      3  -0.597795D+00 -0.402305D+00 -0.306221D+01  0.615367D+00  0.378638D+00
               156           157           158           159           160 
      1   0.615367D+00 -0.487218D+00 -0.796082D+00 -0.192756D+00 -0.820633D+00
      2   0.378638D+00 -0.796082D+00 -0.437246D+00 -0.176804D+00 -0.605692D+00
      3   0.122776D+00 -0.192756D+00 -0.176804D+00 -0.286938D+00 -0.179923D+00
               161           162           163           164           165 
      1  -0.605692D+00 -0.179923D+00 -0.290965D+01  0.850927D+00 -0.256766D+01
      2   0.277660D+00 -0.144010D-01  0.850927D+00 -0.232544D-01 -0.209777D+00
      3  -0.144010D-01 -0.189935D+00 -0.256766D+01 -0.209777D+00  0.743544D+00
               166           167           168           169           170 
      1   0.141903D+01 -0.417425D-01 -0.116074D+00  0.512493D+00  0.228651D-01
      2  -0.417425D-01 -0.696338D-01 -0.138350D+00  0.228651D-01 -0.901743D+00
      3  -0.116074D+00 -0.138350D+00 -0.146996D+00  0.893377D+00 -0.415721D+00
               171           172           173           174           175 
      1   0.893377D+00  0.137482D+01 -0.485704D+00  0.140019D+01 -0.129134D+01
      2  -0.415721D+00 -0.485704D+00  0.167122D+00 -0.285553D-01 -0.239840D+00
      3   0.284398D+01  0.140019D+01 -0.285553D-01 -0.218790D+00 -0.355290D+00
               176           177           178           179           180 
      1  -0.239840D+00 -0.355290D+00 -0.877625D+00  0.106257D+00 -0.107368D+00
      2   0.543242D+00 -0.379411D+00  0.106257D+00  0.711287D+00  0.475430D-01
      3  -0.379411D+00 -0.111129D+01 -0.107368D+00  0.475430D-01 -0.212659D+00
               181           182           183           184           185 
      1   0.159403D+01 -0.312585D+00  0.135190D+01  0.880813D-01  0.327647D+00
      2  -0.312585D+00 -0.103202D+00  0.280861D+00  0.327647D+00 -0.103693D+01
      3   0.135190D+01  0.280861D+00 -0.456254D+00  0.577378D+00  0.905864D+00
               186           187           188           189           190 
      1   0.577378D+00  0.211170D+00 -0.145563D+00 -0.676138D+00  0.129766D+01
      2   0.905864D+00 -0.145563D+00  0.826700D+00  0.167450D+00 -0.899986D+00
      3   0.158034D+01 -0.676138D+00  0.167450D+00 -0.274209D+01  0.638731D-01
               191           192           193           194           195 
      1  -0.899986D+00  0.638731D-01 -0.136295D+01 -0.441670D+00 -0.309300D+00
      2   0.516466D-01 -0.151771D+00 -0.441670D+00  0.741679D+00 -0.459480D+00
      3  -0.151771D+00  0.366497D+00 -0.309300D+00 -0.459480D+00  0.182235D+01
